0 0.1103515625 0.6073087142857143 0.22125 0.42945800000000006
0 0.4990234375 0.4691102033898305 0.999375 0.7131789999999999
0 0.0535546875 0.3346170653753026 0.06937499999999999 0.30077499999999996
0 0.10523437499999999 0.4697107602905569 0.136875 0.23410900000000007
0 0.0680859375 0.22094526392251815 0.045625 0.14031000000000002
0 0.1279296875 0.23742541888619853 0.037500000000000006 0.11007699999999998
0 0.2349609375 0.3061791041162228 0.108125 0.295349
0 0.25734375 0.18248172639225183 0.054999999999999966 0.114729
0 0.2839453125 0.2382957263922518 0.026249999999999996 0.114729
0 0.3216796875 0.2419276876513317 0.03875000000000001 0.121706
0 0.3762890625 0.22801757142857143 0.05062500000000003 0.14341099999999998
0 0.445703125 0.26415510895883776 0.16062500000000002 0.16821700000000003
0 0.441328125 0.20197611380145278 0.036250000000000004 0.04263600000000002
0 0.5190625 0.232085186440678 0.04875000000000007 0.154264
0 0.54734375 0.22347141888619854 0.025000000000000022 0.11007800000000001
0 0.640390625 0.22143334140435836 0.05125000000000002 0.125581
0 0.73640625 0.22645803147699756 0.10249999999999992 0.18217
0 0.89515625 0.4812787046004842 0.19562500000000005 0.68062
0 0.8664453125 0.16654307263922516 0.11937500000000001 0.11317800000000001
0 0.9503515625 0.20574726634382567 0.034375000000000044 0.07596899999999997
