0 0.072265625 0.2821190497803807 0.14625 0.22889400000000001
0 0.0601953125 0.11794454612005857 0.026874999999999996 0.036585999999999994
0 0.063671875 0.15521409224011712 0.027499999999999997 0.07129500000000003
0 0.0946484375 0.17635228257686675 0.030625 0.121013
0 0.1057421875 0.11648041727672036 0.021875000000000006 0.034709000000000004
0 0.1188671875 0.15983499414348462 0.023125000000000007 0.09193200000000003
0 0.1844140625 0.3082276325036603 0.11249999999999999 0.19793699999999997
0 0.173984375 0.16456915373352857 0.04375000000000001 0.11913700000000002
0 0.219296875 0.1718456383601757 0.02812500000000001 0.10787999999999998
0 0.236640625 0.33834266910688143 0.020625000000000004 0.1303939999999999
0 0.250859375 0.340859055636896 0.04375000000000001 0.139775
0 0.2923828125 0.28121570571010246 0.04125000000000001 0.06379000000000003
0 0.2955859375 0.3446110556368961 0.044999999999999984 0.13977499999999993
0 0.3001953125 0.24380596339677893 0.026875000000000038 0.06754299999999995
0 0.3116015625 0.16644515373352856 0.03437499999999999 0.118199
0 0.3443359375 0.2797515768667643 0.013749999999999984 0.05909900000000001
0 0.3848828125 0.3781804787701317 0.041874999999999996 0.07973700000000002
0 0.3717578125 0.167497411420205 0.010000000000000009 0.12382699999999998
0 0.410625 0.35834028257686673 0.03312499999999996 0.121952
0 0.4498828125 0.36156715373352855 0.04249999999999998 0.11726099999999998
0 0.461171875 0.0462818345534407 0.02812500000000001 0.065666
0 0.4961328125 0.36426689604685214 0.04249999999999993 0.113509
0 0.48859375 0.05738141727672035 0.02437499999999998 0.032832999999999994
0 0.5351171875 0.4460305959004393 0.116875 0.26547799999999994
0 0.534453125 0.29025493265007324 0.03562500000000002 0.04409000000000001
0 0.56578125 0.29089431918008785 0.03937499999999994 0.05347099999999999
0 0.5675390625 0.2555017730600293 0.018125000000000058 0.017823000000000016
0 0.5821875 0.10919621522693998 0.04749999999999999 0.166041
0 0.60296875 0.3081480307467057 0.024374999999999925 0.02345199999999997
0 0.6040625 0.1528820614934114 0.01750000000000007 0.04971800000000001
0 0.63296875 0.3486616691068814 0.05625000000000002 0.13039399999999998
0 0.6194921875 0.13569844802342607 0.02312499999999995 0.058161
0 0.6338671875 0.15942212298682285 0.02312499999999995 0.095685
0 0.6503125 0.17063596339677892 0.016249999999999987 0.06754199999999998
0 0.6598828125 0.18278680380673498 0.010000000000000009 0.042213999999999995
0 0.6694921875 0.1639988653001464 0.02187500000000009 0.08818000000000002
0 0.832890625 0.3820831786237189 0.3325 0.232645
0 0.6762109375 0.17551031918008786 0.014999999999999902 0.05347099999999997
0 0.676484375 0.2515394787701318 0.012499999999999956 0.08067500000000002
0 0.693203125 0.25570334992679356 0.03687499999999999 0.076923
0 0.6934375 0.17232760761347 0.015625 0.082552
0 0.6991796875 0.16102644802342606 0.006249999999999978 0.05628500000000002
0 0.7107421875 0.20140860761346996 0.023125000000000062 0.082551
0 0.7240625 0.14180941727672036 0.016874999999999973 0.032832999999999994
0 0.7408203125 0.2502587057101025 0.02562500000000001 0.061914
0 0.7374609375 0.18065634992679355 0.014375000000000027 0.07692300000000005
0 0.76546875 0.27828744802342603 0.024374999999999925 0.05816100000000004
0 0.809609375 0.21870547877013177 0.012500000000000067 0.080676
0 0.8239453125 0.20625702489019038 0.02562500000000001 0.115384
0 0.8257421875 0.21833776720351392 0.02187500000000009 0.10975600000000003
0 0.865625 0.21916150951683752 0.03187499999999999 0.10412799999999996
0 0.9065625 0.20237254612005856 0.016249999999999987 0.03658499999999998
0 0.9287890625 0.22252857686676428 0.01937499999999992 0.05909899999999997
