0 0.6270703125 0.5829646573938507 0.12 0.31144499999999997
0 0.0656640625 0.740388019033675 0.080625 0.20544099999999996
0 0.0426171875 0.5741703806734992 0.023125 0.10131400000000004
0 0.0738671875 0.3156183748169839 0.08562499999999999 0.190432
0 0.1201953125 0.9479412518301611 0.058124999999999996 0.09943699999999987
0 0.1614453125 0.30557204978038066 0.08875 0.230769
0 0.17046875 0.9502291229868228 0.05499999999999999 0.09568499999999996
0 0.1714453125 0.8504762884333822 0.02687500000000001 0.03095700000000004
0 0.306640625 0.29858367496339683 0.020625000000000004 0.038460999999999974
0 0.34078125 0.3381410922401171 0.040000000000000036 0.07317099999999997
0 0.34703125 0.05417276720351391 0.03999999999999998 0.108818
0 0.3812890625 0.06373812298682284 0.019374999999999976 0.09568399999999999
0 0.4168359375 0.8860090307467056 0.015000000000000013 0.025329000000000185
0 0.4362890625 0.8901739019033674 0.018125000000000002 0.02157600000000014
0 0.4552734375 0.9610300922401172 0.030625000000000013 0.07317099999999993
0 0.451640625 0.03877783455344071 0.020625000000000004 0.065666
0 0.4718359375 0.8455058960468522 0.04624999999999996 0.1135079999999999
0 0.5056640625 0.8751379633967789 0.019374999999999976 0.06754300000000008
0 0.6296875 0.26729440556368955 0.11125000000000007 0.21576
0 0.6204296875 0.8788909633967789 0.03874999999999995 0.06941800000000005
0 0.6237890625 0.4527272884333821 0.018750000000000044 0.03001899999999998
0 0.6494140625 0.5113884787701318 0.050000000000000044 0.08161400000000002
0 0.6613671875 0.48532405563689607 0.05437499999999995 0.138837
0 0.6728125 0.9010190307467059 0.016249999999999987 0.02532799999999988
0 0.746015625 0.27921773060029287 0.11499999999999999 0.17729799999999998
0 0.791328125 0.9700693191800878 0.03687499999999999 0.05534700000000003
0 0.815 0.8801265768667644 0.0631250000000001 0.06003799999999979
0 0.8405078125 0.060029282576866766 0.104375 0.121951
0 0.8178125 0.8579985095168374 0.04874999999999996 0.10412799999999997
0 0.8767578125 0.2819356939970717 0.10375000000000001 0.24484000000000003
0 0.8560546875 0.9719453191800879 0.03874999999999995 0.05347099999999991
0 0.9695703125 0.05710102489019034 0.05812499999999998 0.114447
0 0.973515625 0.8431469267935577 0.05125000000000002 0.13696100000000014
