0 0.54421425 0.5991643261943986 0.101939 0.534811
0 0.498046875 0.8862883591433278 0.996248 0.22468299999999994
0 0.130888375 0.6661903245469523 0.16823 0.35232100000000005
0 0.1885645625 0.6567681993410214 0.096936 0.32805899999999993
0 0.3098905625 0.6816935205930806 0.09756099999999995 0.30907200000000007
0 0.42211 0.638219039538715 0.09443400000000002 0.43037899999999996
0 0.4427039375 0.6857117528830313 0.10756700000000002 0.32383900000000004
0 0.6093754375 0.6793108780889621 0.09318300000000002 0.34599199999999997
0 0.70274675 0.6790500922570016 0.11757300000000004 0.3333340000000001
0 0.8156583125 0.6850355749588138 0.15197000000000005 0.39556899999999995
0 0.9023759375 0.5002950906095552 0.07692299999999996 0.14978899999999998
