0 0.0673828125 0.65322898820059 0.13625 0.5627949999999998
0 0.190234375 0.5816770766961652 0.1375 0.35977299999999995
0 0.2428515625 0.5366554778761061 0.06624999999999998 0.3031170000000001
0 0.28671875 0.5132370265486726 0.08687500000000001 0.23984899999999998
0 0.405078125 0.6498117256637168 0.19312499999999994 0.531633
0 0.611796875 0.517832994100295 0.09062499999999996 0.281397
0 0.6309765625 0.5519438466076697 0.09624999999999995 0.288952
0 0.713203125 0.5709846755162242 0.1293749999999999 0.414542
0 0.7487890625 0.43782723893805303 0.050000000000000044 0.15108600000000003
0 0.8434375 0.6661609469026549 0.2037500000000001 0.525024
0 0.78 0.43948253392330383 0.06437499999999996 0.139754
0 0.845625 0.43316875516224185 0.09375 0.13031200000000007
0 0.9003515625 0.5408465516224189 0.06499999999999995 0.300283
