0 0.4990234375 0.4084919472913616 0.999375 0.818182
0 0.0833984375 0.1903367496339678 0.155 0.382381
0 0.0858203125 0.7667483191800879 0.08812500000000001 0.053420000000000085
0 0.26351562500000003 0.7548579326500733 0.05250000000000002 0.04404899999999991
0 0.45609375 0.06401967496339678 0.02437499999999998 0.040299999999999996
0 0.5293749999999999 0.7717239941434847 0.09375000000000006 0.0909089999999999
0 0.6163671875 0.7440178653001464 0.05437500000000006 0.08997200000000008
0 0.67296875 0.6655253806734993 0.05500000000000005 0.10121800000000007
0 0.78546875 0.7145539941434846 0.05624999999999991 0.091846
0 0.9137890625 0.6225828594436311 0.14437499999999992 0.179006
0 0.972890625 0.3513879633967789 0.051875000000000004 0.06935399999999997
