0 0.500546875 0.9096011307189543 0.9968750000000001 0.16987500000000003
0 0.511953125 0.5598220653594772 0.97375 0.08451799999999994
0 0.1962890625 0.5426755163398693 0.019375000000000003 0.022593999999999975
0 0.2405859375 0.514693705882353 0.014374999999999999 0.02594099999999996
0 0.2778125 0.5160008954248366 0.015625 0.027615000000000067
0 0.3262890625 0.5064290849673203 0.019374999999999976 0.03096299999999998
0 0.3598828125 0.5143268954248367 0.011250000000000038 0.027614999999999917
0 0.368359375 0.49544670588235296 0.013124999999999998 0.025941000000000037
0 0.4578125 0.5051218954248367 0.015625 0.027615000000000067
0 0.4699609375 0.5623927058823529 0.013749999999999984 0.025941000000000037
0 0.4859375 0.5293898954248367 0.016874999999999973 0.027614999999999917
0 0.5048046875 0.4991605163398693 0.007500000000000062 0.022593999999999975
