0 0.1308589375 0.8098961666666668 0.07617200000000002 0.28776
0 0.106445 0.7421875 0.032227000000000006 0.171875
0 0.188477 0.7552086666666668 0.063476 0.20963500000000002
0 0.22460975 0.8203121666666666 0.08691399999999999 0.2864590000000001
0 0.259766 0.8007814999999999 0.06445299999999998 0.2669269999999999
0 0.305663875 0.7135414166666667 0.027344000000000035 0.07552100000000002
0 0.33691375 0.8072913333333332 0.08691399999999999 0.2617190000000001
0 0.40429675 0.803385 0.08593800000000001 0.2825520000000001
0 0.48046875 0.8138025 0.08593799999999996 0.2981770000000001
0 0.68066425 0.7617185833333334 0.04003900000000005 0.05078099999999989
0 0.745116875 0.75130175 0.02832100000000004 0.054687999999999924
0 0.783203375 0.7513025 0.042968999999999924 0.049478999999999974
