0 0.2451171875 0.8953124999999998 0.490625 0.20416700000000013
0 0.03046875 0.6039059166666666 0.054688 0.15624999999999992
0 0.1095703125 0.5979166666666668 0.05781199999999999 0.14791699999999994
0 0.2384765625 0.5888020833333334 0.06562499999999999 0.19166699999999995
0 0.3185546875 0.5859375 0.03750000000000003 0.04791699999999999
0 0.3603515625 0.58828125 0.03437499999999999 0.03958300000000007
0 0.4080078125 0.694792 0.104688 0.28125
0 0.7892578125 0.8380211666666666 0.417188 0.3187500000000001
0 0.606641125 0.60494825 0.035937 0.10416600000000005
0 0.647265625 0.6252604166666668 0.051562 0.07708300000000001
