0 0.0703125 0.4504683529411765 0.141875 0.663841
0 0.159609375 0.254426 0.075625 0.20244800000000002
0 0.2493359375 0.37282605882352937 0.10749999999999998 0.23540500000000003
0 0.274921875 0.2256484117647059 0.09 0.19962299999999997
0 0.3182421875 0.2969896470588235 0.08437499999999998 0.13936
0 0.3882421875 0.43149964705882354 0.20937499999999998 0.48870100000000005
0 0.4841015625 0.44817458823529416 0.09749999999999992 0.405838
0 0.5743750000000001 0.5090426470588235 0.25125000000000003 0.33992400000000006
0 0.509296875 0.25709211764705886 0.05874999999999997 0.12146900000000004
0 0.618203125 0.44211217647058826 0.224375 0.40772200000000003
0 0.59953125 0.18235558823529413 0.07062500000000005 0.10452
0 0.70921875 0.3008089411764706 0.11875000000000002 0.167608
0 0.796484375 0.4478677647058823 0.20062499999999994 0.46139300000000005
0 0.926640625 0.5169188823529411 0.14500000000000002 0.8822970000000001
0 0.8994140625 0.20468847058823528 0.08062499999999995 0.233522
