0 0.0869921875 0.3421891386861314 0.023125000000000007 0.13818900000000006
0 0.112265625 0.9222585547445256 0.052500000000000005 0.15126000000000003
0 0.15859375 0.3395735328467154 0.024375000000000008 0.169935
0 0.1595703125 0.3445309708029197 0.02562499999999998 0.16059800000000002
0 0.236328125 0.7185181313868614 0.03562500000000002 0.28011199999999997
0 0.26472656250000004 0.5584833430656934 0.03437499999999996 0.21475300000000005
0 0.324921875 0.4529596788321168 0.028124999999999956 0.16806699999999997
0 0.3382421875 0.37738070072992697 0.021874999999999978 0.147526
0 0.359453125 0.28971674452554746 0.03687499999999999 0.107376
0 0.356640625 0.3291171386861314 0.020625000000000004 0.138189
0 0.4101953125 0.9339217226277373 0.12062499999999998 0.127918
0 0.4309375 0.7503681751824818 0.078125 0.23902800000000005
0 0.4490234375 0.5607584890510949 0.06124999999999997 0.21101799999999998
0 0.447890625 0.44209613868613146 0.05249999999999999 0.14005599999999993
0 0.450390625 0.34438293430656935 0.05125000000000002 0.06162400000000002
0 0.4575 0.30988695620437956 0.03312499999999996 0.04201699999999996
0 0.4604296875 0.26349039416058395 0.038124999999999964 0.03454699999999995
0 0.4633203125 0.283217102189781 0.02562500000000001 0.038281999999999976
0 0.5181640625 0.2769705401459854 0.018124999999999947 0.03081200000000001
0 0.5201171875 0.2988016642335767 0.021874999999999978 0.048551999999999984
0 0.5194140625 0.2564285401459854 0.018125000000000058 0.031745999999999976
0 0.5243359375 0.29739283211678835 0.015000000000000013 0.026143999999999987
0 0.527265625 0.31735695620437954 0.020000000000000018 0.04201700000000004
0 0.5314453125 0.33112554014598544 0.026874999999999982 0.031745999999999976
0 0.5391015625 0.4711295182481752 0.034375000000000044 0.05135399999999997
0 0.5376953125 0.457820102189781 0.026874999999999982 0.03828200000000006
0 0.5369921875 0.36794768613138684 0.021874999999999978 0.028010999999999994
0 0.5368359375 0.35149681021897805 0.014375000000000027 0.04388400000000005
0 0.5485546875 0.5052693722627737 0.03749999999999998 0.05508800000000007
0 0.541015625 0.3888968321167884 0.020625000000000004 0.02520999999999998
0 0.548828125 0.5718664744525548 0.036250000000000004 0.09336999999999995
0 0.5533984375 0.4414359124087591 0.030000000000000027 0.08216599999999998
0 0.555625 0.5617141824817518 0.03249999999999997 0.09710500000000002
0 0.572265625 0.6703282846715328 0.05249999999999999 0.134453
0 0.5588671875 0.25748124817518253 0.023125000000000062 0.035481
0 0.560390625 0.2797195182481752 0.020625000000000004 0.05135399999999993
0 0.5793359375 0.7373992189781021 0.04625000000000001 0.19701200000000008
0 0.5709375 0.2849143722627737 0.015625 0.05322100000000002
0 0.782421875 0.5809172481751825 0.43374999999999997 0.835667
0 0.5748828125 0.3312442481751825 0.011250000000000093 0.036414
0 0.5793359375 0.344842102189781 0.015000000000000013 0.03828200000000006
0 0.5853125 0.3622936642335767 0.015625 0.047618999999999946
0 0.604140625 0.7861593065693431 0.05125000000000002 0.11484599999999992
0 0.59296875 0.39327639416058396 0.024374999999999925 0.03267899999999998
0 0.61390625 0.5002599124087591 0.03937500000000005 0.08403300000000002
0 0.618359375 0.46389693430656936 0.04312499999999997 0.06255800000000003
0 0.609140625 0.418486394160584 0.020625000000000004 0.03267899999999998
0 0.6237890625 0.8135777664233576 0.050000000000000044 0.08683500000000005
0 0.62 0.5185777883211679 0.03187499999999999 0.06536000000000006
0 0.6408984375 0.9482681824817518 0.06187500000000001 0.09897300000000003
0 0.63921875 0.8796490145985402 0.05625000000000002 0.12044800000000004
0 0.6295703125 0.5866347445255474 0.02562500000000001 0.10550899999999991
0 0.63046875 0.5462336642335767 0.023749999999999938 0.04761899999999999
0 0.6450390625 0.6203674525547446 0.018125000000000058 0.112978
0 0.6729296875 0.7354655328467153 0.038124999999999964 0.17086800000000008
0 0.666640625 0.6664225547445256 0.020625000000000004 0.15126099999999992
0 0.7009375 0.8009215474452555 0.04874999999999996 0.291316
0 0.6890625 0.7468922846715329 0.015625 0.13632099999999991
0 0.7023046875 0.9320400583941606 0.03749999999999998 0.08029900000000001
