0 0.2758203125 0.5482489874213836 0.057499999999999996 0.1740440000000001
0 0.0791015625 0.5771172012578616 0.16 0.235412
0 0.1742578125 0.6227074528301887 0.073125 0.273642
0 0.3496875 0.5110722327044025 0.017500000000000016 0.051308000000000006
0 0.4460546875 0.5472357547169812 0.03750000000000003 0.12374300000000005
0 0.5641796875 0.5881297232704402 0.10124999999999995 0.30784700000000004
0 0.618359375 0.634600320754717 0.07562499999999994 0.34004
0 0.780390625 0.5552847547169811 0.020625000000000004 0.12575399999999995
0 0.848125 0.5106397924528302 0.03312499999999996 0.10563300000000002
0 0.9341015625 0.6186896855345911 0.09625000000000006 0.3239440000000001
