0 0.020161290322580645 0.394140625 0.042169 0.114375
0 0.1196236559139785 0.60484375 0.241824 0.33624999999999994
0 0.12496947311827958 0.4195703125 0.141136 0.11937500000000001
0 0.1397544193548387 0.5468359375 0.16953600000000002 0.10749999999999998
0 0.2580993548387097 0.521015625 0.10585199999999995 0.114375
0 0.3123737526881721 0.345390625 0.08691899999999995 0.08374999999999999
0 0.34507575268817203 0.178125 0.08777999999999997 0.09375
0 0.39488358064516127 0.425703125 0.08175599999999998 0.09937499999999999
0 0.4029480967741936 0.3665234375 0.09810699999999999 0.12312499999999998
0 0.4087013548387097 0.5075000000000001 0.10585200000000003 0.09562500000000002
0 0.41289818279569895 0.1708984375 0.10154900000000001 0.0925
0 0.4128494086021506 0.302421875 0.075732 0.09062500000000001
0 0.41935749462365596 0.2329296875 0.08003400000000001 0.10062499999999999
0 0.42785632258064515 0.13664062500000002 0.07315000000000003 0.051250000000000004
0 0.4956203548387097 0.37625 0.10585199999999995 0.09562500000000002
0 0.4913757526881721 0.4868359375 0.08691899999999991 0.10812500000000003
0 0.49395775268817205 0.532265625 0.08691899999999991 0.05125000000000002
0 0.500678182795699 0.3033203125 0.10068799999999994 0.11937499999999998
0 0.5078329247311828 0.1421875 0.09208299999999998 0.078125
0 0.5091770107526882 0.2386328125 0.096386 0.135
0 0.5062764946236559 0.1728125 0.08003400000000001 0.078125
0 0.7011201935483871 0.4903125 0.44492200000000004 0.7975
0 0.5799095806451613 0.5383203125 0.0826159999999999 0.05687500000000001
0 0.5784593225806451 0.4895703125 0.07314900000000003 0.11937499999999995
0 0.5809341505376344 0.3234765625 0.06798600000000003 0.128125
0 0.578304376344086 0.4031640625 0.04474999999999998 0.049375
0 0.6145946989247312 0.118828125 0.11703900000000002 0.06687499999999999
0 0.612283440860215 0.2158984375 0.10843400000000006 0.12437499999999999
0 0.7123237849462365 0.219921875 0.11962200000000006 0.15375
0 0.7206590430107528 0.1118359375 0.12736699999999995 0.07687500000000001
0 0.8182819569892473 0.431953125 0.12478499999999991 0.09875
0 0.8209701290322581 0.3579296875 0.129088 0.13125000000000003
0 0.8267330107526881 0.51171875 0.09466500000000011 0.11750000000000005
0 0.844206129032258 0.2245703125 0.13167000000000004 0.18249999999999997
0 0.8211443225806452 0.5434765625 0.07487100000000001 0.06500000000000006
0 0.8292088387096774 0.2624609375 0.09122199999999993 0.10749999999999998
0 0.8442645268817204 0.09203125000000001 0.112736 0.071875
0 0.8430840107526881 0.132421875 0.096386 0.12125
0 0.9349450430107527 0.4529296875 0.12650600000000012 0.16375
0 0.9361829569892474 0.3653515625 0.12478399999999999 0.09687499999999999
0 0.9390346989247311 0.549453125 0.11790000000000009 0.06812499999999999
0 0.9402726129032257 0.4969140625 0.11531800000000005 0.11249999999999999
0 0.9473211827956989 0.27875 0.10154900000000001 0.12687500000000002
0 0.9485590967741936 0.101484375 0.09896699999999997 0.10625
0 0.9485590967741936 0.2096484375 0.09896699999999997 0.155625
