0 0.22890625 0.548958 0.353125 0.71875
0 0.12793018750000001 0.3731770833333334 0.08437399999999999 0.22291699999999995
0 0.386328625 0.4281249999999999 0.082812 0.22083300000000008
0 0.383984375 0.4307291666666666 0.07500000000000001 0.1625
0 0.545312 0.41874966666666663 0.25000100000000003 0.7083339999999999
0 0.63359325 0.34661458333333334 0.10156299999999996 0.33333300000000005
0 0.690625 0.3968753333333333 0.09531199999999995 0.45
0 0.7419921875 0.28151041666666665 0.05468700000000004 0.139583
0 0.769140625 0.3632815833333334 0.051563000000000025 0.270833
0 0.8201171875 0.4411455 0.11562500000000009 0.391667
0 0.88515625 0.5299479166666666 0.22656300000000007 0.935417
