0 0.0806204375 0.06525519033674963 0.029514 0.052083
0 0.27951400000000004 0.797309663250366 0.157118 0.22005200000000003
0 0.3152130625 0.4954056998535871 0.11197900000000005 0.15494800000000006
0 0.334201 0.25387715373352854 0.09461799999999998 0.11979199999999997
0 0.321397125 0.07598450951683748 0.06770900000000002 0.102864
0 0.450737625 0.44137715373352854 0.08333400000000002 0.11718799999999999
0 0.53341975 0.2585997672035139 0.08767399999999997 0.10937500000000004
0 0.5176861875000001 0.0763137364568082 0.052951999999999944 0.08724
0 0.58463575 0.4954056998535871 0.118923 0.15494800000000006
0 0.6561414375 0.8041439209370423 0.15451400000000004 0.22656300000000015
0 0.7110455625 0.07827022108345535 0.03385500000000008 0.075521
0 0.76432325 0.21677660761346998 0.03993000000000002 0.08333399999999999
0 0.778646 0.411122803806735 0.03211800000000009 0.04296899999999999
0 0.8312718125 0.38751173645680825 0.04166700000000001 0.08724000000000001
0 0.91102475 0.6181368960468521 0.05555499999999991 0.11328099999999992
0 0.910373375 0.08022570571010249 0.04340299999999997 0.0625
0 0.9792755625 0.20506357686676427 0.03472199999999992 0.059896000000000005
