0 0.1240234375 0.8210272099827883 0.24875 0.3506059999999999
0 0.0545703125 0.7889926901893287 0.08937500000000001 0.17861100000000008
0 0.1071484375 0.8637262685025817 0.155 0.250275
0 0.16984375 0.7202306678141135 0.08750000000000002 0.155458
0 0.21609375 0.8139709414802065 0.056249999999999994 0.10033099999999998
0 0.2292578125 0.5368116316695353 0.073125 0.27563400000000005
0 0.3430078125 0.7185094974182443 0.10375000000000001 0.15325300000000006
0 0.403125 0.8895125645438899 0.09499999999999997 0.21609699999999996
0 0.443828125 0.7881836454388984 0.09875 0.1356120000000001
0 0.490390625 0.9182038382099829 0.17687499999999995 0.15986699999999987
0 0.4634765625 0.5577100843373494 0.09750000000000003 0.38588800000000006
0 0.5134375 0.7270608158347676 0.109375 0.13781700000000005
0 0.686640625 0.8396046092943202 0.20875 0.25799399999999995
0 0.6711328125 0.5433468244406197 0.10499999999999998 0.300993
0 0.7768359375 0.7557813493975903 0.10749999999999993 0.16979099999999991
0 0.78 0.6818568158347676 0.09499999999999997 0.13781700000000005
0 0.895859375 0.802792313253012 0.20062499999999994 0.29106899999999997
0 0.873203125 0.8858560757314974 0.12937500000000002 0.22491699999999992
