0 0.079296875 0.7135416666666666 0.12125000000000001 0.053333
0 0.456875 0.5445836666666667 0.875625 0.3975
0 0.1524609375 0.68848925 0.044999999999999984 0.07249999999999994
0 0.2478125 0.6111979166666667 0.14125 0.12249999999999998
0 0.445703125 0.3808850833333333 0.036250000000000004 0.06749999999999996
0 0.538671875 0.6228649166666668 0.028749999999999942 0.12416599999999993
0 0.588046875 0.6193225833333332 0.028125000000000067 0.11250000000000011
0 0.6583203125 0.6999996666666667 0.05687500000000001 0.08583400000000004
0 0.7148828125 0.4091145833333334 0.010000000000000009 0.020832999999999952
0 0.72390625 0.3936982500000001 0.008125000000000049 0.041665999999999905
0 0.8326953125 0.7172395833333334 0.12 0.051666999999999984
0 0.8026953125 0.62328125 0.02562500000000001 0.10333300000000005
