0 0.11588541666666667 0.5220703125 0.233333 0.08906199999999997
0 0.20130208333333333 0.4279301875 0.254167 0.21093700000000004
0 0.326042 0.4279301875 0.21875 0.14687399999999995
0 0.3934895833333334 0.408984375 0.11458299999999995 0.1375
0 0.4588541666666666 0.40234425 0.1312500000000001 0.13437499999999997
0 0.482292 0.40703075 0.09375 0.08750000000000002
0 0.64921875 0.3546875 0.15 0.173437
0 0.8648434166666666 0.952733875 0.264584 0.0906260000000001
0 0.9236975833333334 0.4013666875 0.14374999999999982 0.10000000000000003
0 0.935417 0.5423833125 0.125 0.057811999999999975
0 0.9518229166666666 0.4162109375 0.09166700000000001 0.17031199999999996
