0 0.04296875 0.707352094890511 0.086875 0.5807650000000001
0 0.0664453125 0.6522110729927008 0.120625 0.59944
0 0.17042968749999998 0.6782510291970802 0.16250000000000003 0.6405230000000001
0 0.223828125 0.6698333649635037 0.130625 0.593837
0 0.311171875 0.6009681459854015 0.12187500000000001 0.398692
0 0.3808984375 0.5869474817518249 0.09249999999999997 0.352941
0 0.4394140625 0.5971664598540146 0.080625 0.37161499999999986
0 0.472265625 0.4462236204379562 0.05124999999999996 0.08870200000000002
0 0.5637109375 0.6025093503649634 0.20125000000000004 0.47525700000000004
0 0.496640625 0.5837756934306569 0.05124999999999996 0.28758100000000003
0 0.552578125 0.5925348175182482 0.06687500000000002 0.30438800000000005
0 0.665625 0.5865766934306569 0.06437499999999996 0.287581
0 0.6578125 0.4888695182481752 0.016874999999999973 0.05135399999999997
