0 0.03515625 0.4198999954614221 0.070506 0.193846
0 0.2353515625 0.21925791981845688 0.470705 0.08922999999999999
0 0.04435725 0.5419246686838124 0.040715 0.136923
0 0.11135724999999999 0.5386938245083207 0.10228400000000001 0.156924
0 0.133006 0.39413010590015124 0.126118 0.149231
0 0.106754875 0.5764388850226929 0.059583 0.24153899999999995
0 0.13482387499999998 0.5586686838124054 0.028798000000000004 0.16000000000000006
0 0.1715833125 0.579797432677761 0.02581900000000001 0.20615400000000006
0 0.1687029375 0.4919490302571861 0.014895999999999993 0.04307700000000003
0 0.1882999375 0.5842083071104388 0.04667300000000002 0.23230699999999996
0 0.241545875 0.38046309077155827 0.09136000000000002 0.129231
0 0.2221625625 0.5889510105900152 0.033764000000000016 0.21692399999999995
0 0.2252740625 0.48589759304084723 0.018867999999999996 0.03230800000000002
0 0.2467913125 0.5946957594553707 0.05759699999999998 0.264615
0 0.27375125 0.5978240408472012 0.03972199999999998 0.25999999999999995
0 0.2857175625 0.49474448260211806 0.03376399999999996 0.07692299999999995
0 0.3219993125 0.5944654931921332 0.08838099999999999 0.2923070000000001
0 0.3292965 0.3896428093797277 0.047665999999999986 0.13384600000000005
0 0.4609304375 0.6111320862329803 0.217478 0.3230770000000001
0 0.37702925 0.3913346535552193 0.040715 0.116923
0 0.4444905 0.3702571860816944 0.04865900000000001 0.06153800000000003
0 0.471171 0.45802660816944024 0.06355500000000003 0.052307000000000006
0 0.558823 0.5899520559757943 0.031777000000000055 0.278462
0 0.5865458125 0.4565901709531014 0.04170799999999997 0.039999999999999994
0 0.60318025 0.6204907897125567 0.07050600000000007 0.3061540000000001
0 0.6247139375 0.2888720302571861 0.10824199999999995 0.044615999999999996
0 0.6113718125 0.4803866686838124 0.0427010000000001 0.136923
0 0.6569531875 0.5727987897125567 0.054618000000000055 0.3061539999999999
0 0.659021375 0.6052093524962179 0.04468700000000003 0.29384599999999994
0 0.69142975 0.6355429606656582 0.086395 0.346154
0 0.6946234375 0.46107746747352496 0.061568999999999985 0.055385000000000094
0 0.7478190625 0.6122356944024205 0.11221400000000004 0.372308
0 0.87779675 0.22402676399394858 0.24230399999999996 0.072307
0 0.829166875 0.4029231558245083 0.12115200000000004 0.01846200000000005
0 0.8076989375 0.6156193827534039 0.07646399999999998 0.336923
0 0.836085 0.3781543116490166 0.125124 0.038462
0 0.887925 0.45479576399394855 0.22045700000000001 0.07076899999999997
0 0.9020708125 0.5784148350983358 0.07249300000000003 0.37076900000000007
0 0.9485136875 0.3703597488653555 0.100298 0.050769000000000016
0 0.967695 0.609004850226929 0.062562 0.3907689999999999
