0 0.114453125 0.8480725833333334 0.06749999999999999 0.30083400000000005
0 0.330625 0.7472395833333333 0.03125 0.04999999999999997
0 0.3758203125 0.7410940833333334 0.026875000000000038 0.034166000000000064
0 0.4958203125 0.7888544999999999 0.02562500000000001 0.11000000000000003
0 0.5183203125 0.7857288333333333 0.026874999999999982 0.11999999999999995
0 0.5397265625 0.7814586666666666 0.03500000000000003 0.11666600000000009
0 0.5738671875 0.7862503333333333 0.021874999999999978 0.10666600000000015
0 0.6108203125 0.8506774166666666 0.05812499999999998 0.2633330000000001
0 0.716640625 0.8548955 0.05249999999999999 0.20499999999999993
0 0.7482421875 0.78682325 0.021874999999999978 0.07249999999999994
0 0.771796875 0.7829163333333332 0.02749999999999997 0.10666700000000014
0 0.8178515625 0.8411455 0.06562499999999993 0.266667
0 0.8565234375 0.7807288333333333 0.029999999999999916 0.1200000000000001
