0 0.3617946691068814 0.6074999999999999 0.129456 0.22000000000000003
0 0.06881405563689605 0.7026953125 0.139775 0.589375
0 0.1891866691068814 0.6055468749999999 0.13039400000000004 0.27875
0 0.3908574480234261 0.4675390625 0.05628600000000002 0.08062500000000006
0 0.41607219033674964 0.5842968749999999 0.05159499999999995 0.184375
0 0.45295580380673495 0.445859375 0.041276 0.07500000000000001
0 0.4972733191800878 0.444765625 0.05347099999999999 0.08374999999999999
0 0.6077752459736456 0.6029296875 0.18761800000000003 0.19437500000000008
0 0.5476327057101024 0.4849609375 0.06378900000000014 0.10749999999999993
0 0.6955079326500732 0.4262890625 0.045966000000000125 0.018750000000000044
0 0.6953936749633968 0.4792578125 0.04033800000000002 0.104375
0 0.761875699853587 0.6356640625 0.15384599999999993 0.17437500000000006
