0 0.323515625 0.4066673142437591 0.08375000000000005 0.4016939999999999
0 0.0843359375 0.30039129368575623 0.14 0.11194699999999999
0 0.0469921875 0.3056917209985316 0.023125 0.09689499999999998
0 0.086796875 0.3025710073421439 0.02812500000000001 0.10442099999999997
0 0.310625 0.2846511483113069 0.09500000000000003 0.07902200000000001
0 0.3828125 0.2812558604992658 0.015625 0.047036999999999995
0 0.3892578125 0.2793748604992658 0.009999999999999953 0.047036000000000015
0 0.46828125 0.5563147327459618 0.13437500000000002 0.259643
0 0.7009765625 0.29557243612334805 0.41 0.10630299999999998
0 0.6023046875 0.6319631644640235 0.16375000000000006 0.3029159999999999
0 0.61671875 0.3170038604992658 0.024375000000000036 0.047977
