0 0.01171875 0.38574593865905854 0.024375 0.08211699999999997
0 0.0205078125 0.6618220085592013 0.041875 0.13047399999999998
0 0.029296875 0.6966884136947218 0.059375 0.20711699999999997
0 0.126953125 0.18830242510699002 0.254375 0.376825
0 0.0287890625 0.45349607275320974 0.05 0.09215299999999997
0 0.0357421875 0.5900098716119828 0.05375 0.07664200000000002
0 0.031132812500000002 0.23262827104136946 0.041249999999999995 0.06751800000000004
0 0.043125 0.09457187161198288 0.06375 0.07664199999999999
0 0.0329296875 0.33367313694721823 0.03875 0.056570000000000016
0 0.039609375 0.03281027104136947 0.04375 0.067518
0 0.039179687500000004 0.27003627104136946 0.03874999999999999 0.06751899999999998
0 0.048515625 0.1477230057061341 0.05125 0.085766
0 0.048984375 0.6246306062767475 0.044375 0.09580299999999997
0 0.0592578125 0.17999067047075606 0.04125 0.057481999999999964
0 0.059453125 0.7213601426533524 0.036875 0.14051099999999989
0 0.0666796875 0.4588540057061341 0.03812499999999999 0.08759200000000009
0 0.07140625 0.3005447375178317 0.039375 0.06386800000000004
0 0.08921875 0.4429455392296719 0.055624999999999994 0.090328
0 0.0979296875 0.5592702710413695 0.06875 0.06660599999999993
0 0.0854296875 0.09502060342368046 0.03874999999999999 0.053832000000000005
0 0.08484375 0.13972860342368046 0.024375000000000008 0.053832000000000005
0 0.0897265625 0.3592859386590585 0.03375 0.08120399999999996
0 0.0909765625 0.2663872710413695 0.03375 0.067518
0 0.11265625 0.7147052796005705 0.07187500000000001 0.1952550000000001
0 0.10859375 0.5884672710413694 0.05500000000000001 0.065693
0 0.1030078125 0.1852983380884451 0.041874999999999996 0.07299300000000002
0 0.1282421875 0.8644196176890155 0.08500000000000002 0.2673360000000001
0 0.1069921875 0.05391133808844508 0.023124999999999993 0.072993
0 0.122734375 0.24040507560627675 0.04374999999999998 0.135036
0 0.13140625 0.13870053637660487 0.03937499999999999 0.04835799999999999
0 0.1353125 0.3515884721825963 0.04874999999999999 0.08394199999999993
0 0.134453125 0.07164580456490728 0.03562499999999999 0.071168
0 0.168359375 0.4669499386590585 0.074375 0.08029200000000009
0 0.1583984375 0.03606180456490728 0.029375000000000012 0.071168
0 0.161953125 0.5423327375178317 0.03562499999999999 0.06386900000000002
0 0.1655078125 0.16238680741797432 0.04250000000000001 0.11405100000000001
0 0.182421875 0.6053535392296719 0.05875 0.09032899999999999
0 0.1908984375 0.5506598045649073 0.06062500000000001 0.069343
0 0.183203125 0.32496213980028527 0.03562500000000002 0.097628
0 0.2015234375 0.7424244807417975 0.06125 0.21350399999999994
0 0.1923828125 0.366867338088445 0.04250000000000001 0.07299299999999996
0 0.2012890625 0.025677603423680456 0.04999999999999999 0.052007000000000005
0 0.201328125 0.5577276704707561 0.03687499999999999 0.058393999999999904
0 0.203125 0.11920687161198289 0.03187499999999999 0.07664200000000002
0 0.22828125 0.45110627389443647 0.07125000000000004 0.11040100000000015
0 0.2230078125 0.31640293865905844 0.04124999999999998 0.08029200000000004
0 0.23421875 0.6038119386590585 0.056249999999999994 0.08211600000000006
0 0.235703125 0.3735367375178316 0.03687499999999999 0.06386900000000002
0 0.239453125 0.05785827389443652 0.036250000000000004 0.11040100000000001
0 0.282421875 0.25889874607703284 0.09000000000000002 0.19251800000000005
0 0.2612109375 0.27876280456490726 0.04500000000000001 0.06934300000000004
0 0.268359375 0.4152901398002853 0.044375 0.097628
0 0.2750390625 0.6015236704707561 0.04999999999999999 0.05748099999999997
0 0.2857421875 0.5049885392296719 0.053749999999999964 0.08941599999999998
0 0.2830859375 0.2063994051355207 0.04562500000000003 0.078467
0 0.29703125 0.6823582767475035 0.070625 0.15146000000000004
0 0.2808203125 0.602037203994294 0.02562500000000001 0.06204399999999999
0 0.29140625 0.2735199386590585 0.040000000000000036 0.08029200000000002
0 0.3168359375 0.7204114136947217 0.07687500000000003 0.20802900000000007
0 0.3106640625 0.3207986062767475 0.04999999999999999 0.09489000000000003
0 0.3133984375 0.20052693865905852 0.029374999999999984 0.082117
0 0.33921875 0.5130844721825962 0.05499999999999999 0.08394199999999993
0 0.3415625 0.14201687161198287 0.04749999999999999 0.074818
0 0.3473828125 0.5955999386590584 0.04249999999999998 0.08029200000000009
0 0.345078125 0.3960140727532097 0.03687499999999999 0.09306600000000007
0 0.481796875 0.3212524422253923 0.30999999999999994 0.635949
0 0.3407421875 0.1393959386590585 0.021874999999999978 0.082116
0 0.3571875 0.1902075392296719 0.048750000000000016 0.09032899999999999
0 0.3599609375 0.30436006990014264 0.04562499999999997 0.049271000000000044
0 0.3649609375 0.3474752039942939 0.04624999999999996 0.060218999999999946
0 0.3620703125 0.3085894051355207 0.02562500000000001 0.07846700000000001
0 0.38890625 0.6971371455064195 0.070625 0.18521899999999994
0 0.38875 0.12720127389443653 0.06437500000000002 0.108576
0 0.3720703125 0.06291927104136948 0.026874999999999982 0.06843100000000002
0 0.3775 0.3882518045649073 0.033125000000000016 0.06934299999999996
0 0.3890625 0.28949420684736094 0.04750000000000004 0.10492699999999998
0 0.384453125 0.07512847218259629 0.036250000000000004 0.084854
0 0.403984375 0.23149767332382315 0.07437499999999997 0.10127800000000002
0 0.393515625 0.3183430057061341 0.05250000000000005 0.08576700000000005
0 0.391953125 0.2688418716119829 0.036250000000000004 0.07481699999999997
0 0.3973828125 0.3057866034236804 0.04249999999999998 0.05292000000000006
0 0.393125 0.1168170727532097 0.03187499999999999 0.09397799999999999
0 0.41109375 0.0456490727532097 0.05625000000000002 0.093978
0 0.427265625 0.15387787161198288 0.05125000000000002 0.07664299999999998
0 0.436875 0.6090548045649073 0.0625 0.07116699999999997
0 0.430703125 0.019971469329529243 0.036250000000000004 0.040146
0 0.43890625 0.10973467047075605 0.03999999999999998 0.057482
0 0.43859375 0.12775153637660486 0.02437499999999998 0.04653300000000001
0 0.461875 0.1535954721825963 0.03250000000000003 0.08302900000000002
0 0.478359375 0.5393781398002853 0.04375000000000001 0.09854000000000011
0 0.490625 0.5665838074179743 0.06374999999999997 0.11222600000000003
0 0.492421875 0.37320407275320966 0.05874999999999997 0.09397800000000005
0 0.4946484375 0.31389707275320966 0.06062500000000004 0.09306600000000007
0 0.5105078125 0.7248428102710414 0.073125 0.15510999999999997
0 0.5144140625 0.8810602154065622 0.08125000000000004 0.23357699999999987
0 0.5055468750000001 0.034917670470756064 0.06 0.057482
0 0.5022265625 0.30094220399429383 0.03500000000000003 0.06021900000000003
0 0.5209765625 0.5176610085592012 0.06562499999999993 0.12865
0 0.519296875 0.45639940513552074 0.05874999999999997 0.07846699999999997
0 0.5437890625 0.32205780741797435 0.04999999999999993 0.11222699999999998
0 0.547265625 0.4368554750356633 0.05125000000000002 0.12591200000000002
0 0.5460546875 0.04450493865905849 0.038125000000000075 0.08211700000000001
0 0.544375 0.2028654721825963 0.03312499999999996 0.08394199999999997
0 0.566796875 0.6646750756062768 0.06000000000000005 0.1341239999999998
0 0.5974609375 0.7560602154065622 0.10750000000000004 0.23175199999999999
0 0.566328125 0.24170100570613406 0.036250000000000004 0.08759099999999997
0 0.5799609375 0.28669140513552066 0.04625000000000001 0.07755500000000003
0 0.5915234375 0.3705173380884451 0.06187500000000001 0.07299300000000004
0 0.60328125 0.4248784079885877 0.07187500000000002 0.12135
0 0.5953125 0.1996149386590585 0.04749999999999999 0.082116
0 0.6110546875 0.29324473751783164 0.038124999999999964 0.06386900000000002
0 0.61578125 0.2352492039942939 0.04062500000000002 0.06021899999999999
0 0.617734375 0.12194387161198288 0.04375000000000007 0.07481800000000002
0 0.6362890625 0.9753795363766049 0.08187500000000003 0.046532999999999866
0 0.6315625 0.3071116062767475 0.04749999999999999 0.09580300000000001
0 0.645625 0.5779312738944365 0.0625 0.10857600000000003
0 0.6380859375 0.1586720057061341 0.04562500000000003 0.08576599999999995
0 0.6403125 0.37144387446504995 0.0475000000000001 0.11952599999999995
0 0.65609375 0.2070802710413695 0.05499999999999994 0.067518
0 0.6426953125 0.037089871611982884 0.026874999999999982 0.074818
0 0.653984375 0.24044080456490727 0.04437500000000005 0.069343
0 0.6755859375 0.7537719472182597 0.07687500000000003 0.20985399999999996
0 0.66984375 0.6591352738944365 0.05500000000000005 0.10857700000000002
0 0.671953125 0.27420080456490725 0.03562499999999991 0.069343
0 0.6878515625 0.6076282710413695 0.06499999999999995 0.06751799999999995
0 0.67640625 0.15182173751783165 0.03937500000000005 0.062956
0 0.6727734375 0.20406087161198289 0.030625000000000013 0.07481700000000001
0 0.696328125 0.5126870057061341 0.06812499999999999 0.0857659999999999
0 0.689296875 0.019971469329529243 0.028749999999999942 0.040146
0 0.70078125 0.08270987161198287 0.03937499999999994 0.076643
0 0.7008984375 0.5890968716119829 0.02937499999999993 0.07664300000000009
0 0.7118359375 0.11127727104136949 0.04625000000000001 0.06569400000000002
0 0.7181640625 0.6230880057061341 0.050000000000000044 0.08576600000000006
0 0.7284765625 0.1998460727532097 0.06562499999999993 0.09306600000000002
0 0.73 0.47368413980028534 0.06437500000000007 0.09854100000000002
0 0.7178515625 0.1612929386590585 0.03437499999999993 0.08029199999999997
0 0.7301171875 0.04216640513552068 0.053749999999999964 0.078467
0 0.725859375 0.574498871611983 0.04312500000000008 0.07481699999999997
0 0.7567578125 0.7206938131241084 0.1050000000000001 0.19890500000000003
0 0.7263671875 0.039197271041369476 0.02187500000000009 0.066606
0 0.7384765625 0.07391953637660485 0.03374999999999995 0.046533
0 0.7500390625 0.11623773751783166 0.050000000000000044 0.06478099999999999
0 0.7530078125 0.587504005706134 0.041874999999999996 0.0875910000000001
0 0.7558984375 0.1727564721825963 0.02937500000000004 0.083941
0 0.76859375 0.6749934750356633 0.05625000000000002 0.12773799999999988
0 0.777890625 0.4246965392296719 0.0525000000000001 0.09124100000000002
0 0.788671875 0.5869392068473609 0.05999999999999994 0.1049270000000001
0 0.7874609375 0.5244319386590585 0.04625000000000001 0.08211700000000013
0 0.7903125 0.1168170727532097 0.04749999999999999 0.09397799999999999
0 0.790859375 0.48178007275320966 0.043749999999999956 0.09215400000000004
0 0.797265625 0.5096018045649072 0.05249999999999999 0.07116800000000004
0 0.800078125 0.1707651398002853 0.03687499999999999 0.09854000000000002
0 0.8094140625 0.042796005706134094 0.04999999999999993 0.086679
0 0.8204296875 0.6668327403708987 0.06999999999999995 0.10675199999999997
0 0.8234765625 0.6145936062767474 0.06499999999999995 0.0948910000000001
0 0.8174609375 0.3858107403708988 0.04499999999999993 0.10675199999999993
0 0.83765625 0.9131470114122683 0.07062500000000005 0.17153299999999988
0 0.8329296875 0.47653720684736095 0.038125000000000075 0.10492700000000002
0 0.8426953125 0.32199300570613404 0.057499999999999996 0.08576700000000005
0 0.83125 0.0702840727532097 0.03312499999999996 0.09215299999999998
0 0.8421875 0.12079973751783164 0.04749999999999999 0.06386900000000002
0 0.8468359375 0.13187934094151213 0.04625000000000001 0.11678800000000002
0 0.8503125 0.5228390727532097 0.04874999999999996 0.093978
0 0.8587890625 0.4191064721825963 0.050000000000000044 0.08394200000000002
0 0.8626171875 0.0779815392296719 0.053749999999999964 0.09032899999999999
0 0.853125 0.03566333808844508 0.03312499999999996 0.072993
0 0.865390625 0.37114693865905846 0.05125000000000002 0.08029199999999997
0 0.88640625 0.5706312738944365 0.07187500000000002 0.10857700000000002
0 0.885 0.6843998744650499 0.06437499999999996 0.1177009999999999
0 0.8689453125 0.28896513694721826 0.02562500000000001 0.05565700000000004
0 0.8745703125 0.42565980456490726 0.026875000000000093 0.07116799999999995
0 0.8804296875 0.4771678074179744 0.038125000000000075 0.11222599999999995
0 0.8862109375 0.658607203994294 0.04625000000000001 0.061130999999999894
0 0.8790234375 0.29324473751783164 0.030625000000000013 0.06386900000000002
0 0.898515625 0.3209649386590585 0.05249999999999999 0.08211700000000001
0 0.902421875 0.9411853409415122 0.05999999999999994 0.11496399999999993
0 0.9078515625 0.05830700570613409 0.06562500000000004 0.085766
0 0.8986328125 0.37240713980028534 0.04249999999999998 0.09762800000000005
0 0.895546875 0.052716938659058486 0.028125000000000067 0.080292
0 0.918984375 0.2832735392296719 0.07562500000000005 0.08850399999999996
0 0.9066015625 0.2414698716119829 0.03437499999999993 0.07481699999999993
0 0.916484375 0.6348339386590585 0.043749999999999956 0.08120400000000004
0 0.9146484375 0.04136947218259629 0.030625000000000013 0.083942
0 0.929140625 0.6819452738944365 0.05249999999999999 0.11040199999999997
0 0.938203125 0.3768530727532097 0.06687500000000002 0.09397800000000005
0 0.9318359375 0.2726069386590585 0.045624999999999916 0.08211699999999997
0 0.934765625 0.034236804564907276 0.05124999999999991 0.069343
0 0.934765625 0.49929694151212556 0.05249999999999999 0.12317500000000003
0 0.93921875 0.5753606062767476 0.05625000000000002 0.09489000000000003
0 0.9405859375 0.1705988074179743 0.04625000000000001 0.11222599999999999
0 0.9502734375 0.4790430727532097 0.06187500000000001 0.09397799999999992
0 0.9459765625 0.028530670470756064 0.034375000000000044 0.059307
0 0.9695703125 0.19802107275320968 0.05812499999999998 0.09306599999999995
0 0.9708203125 0.6780786761768901 0.05687500000000001 0.14416000000000004
0 0.9713671875 0.5818626733238231 0.05437500000000006 0.10036500000000008
0 0.96578125 0.27967480456490723 0.039999999999999925 0.069343
0 0.9742578125 0.3254756733238231 0.04125000000000001 0.10127800000000005
0 0.977734375 0.14350820684736093 0.04312499999999997 0.10492700000000002
0 0.980078125 0.32113127104136946 0.03687499999999999 0.06843100000000002
0 0.9802734375 0.9360440057061342 0.030625000000000013 0.0857669999999998
0 0.9846484375 0.38494900570613405 0.02937500000000004 0.087592
0 0.98609375 0.8177279415121256 0.025000000000000022 0.125
0 0.989140625 0.6215308687589158 0.020000000000000018 0.03193499999999993
