0 0.017578125 0.1055205 0.03625 0.110834
0 0.0419921875 0.06744825 0.053125000000000006 0.103333
0 0.194140625 0.17317708333333334 0.08374999999999999 0.098333
0 0.192109375 0.06223925 0.012500000000000011 0.01
0 0.2280859375 0.06234341666666667 0.014999999999999986 0.014167000000000004
0 0.264140625 0.07078158333333333 0.020625000000000004 0.020000000000000007
0 0.3723828125 0.057291666666666664 0.073125 0.116667
0 0.4301953125 0.045572916666666664 0.05812500000000004 0.09249999999999999
0 0.4902734375 0.0390625 0.06187499999999996 0.08
0 0.5566015625 0.033854166666666664 0.03499999999999992 0.068333
0 0.5933984375 0.029947916666666668 0.030000000000000027 0.061667
0 0.6092578125 0.028594083333333336 0.010624999999999996 0.035833000000000004
0 0.6219921875 0.029478833333333333 0.023125000000000062 0.059167
0 0.631015625 0.026041666666666668 0.020625000000000004 0.0525
0 0.64578125 0.0278125 0.009375000000000022 0.017499999999999998
0 0.6796875 0.0194795 0.016874999999999973 0.016666
0 0.694609375 0.015208333333333332 0.012500000000000067 0.011667000000000002
0 0.7455859375 0.0103125 0.014375000000000027 0.015832999999999996
0 0.8027734375 0.028645833333333332 0.030625000000000013 0.058333
0 0.8314453125 0.029947916666666668 0.026249999999999996 0.061667
0 0.8744140625 0.026874666666666668 0.01937500000000003 0.053334
0 0.9707421875 0.11979166666666667 0.05312500000000009 0.240833
0 0.9851953125 0.17901075 0.026874999999999982 0.18083300000000002
