0 0.7912890625 0.6468890233918129 0.11187500000000006 0.496254
0 0.0287890625 0.5402458128654971 0.018125 0.04962499999999996
0 0.075625 0.5531403801169591 0.033125 0.157304
0 0.1337109375 0.5408867777777778 0.013750000000000012 0.0571159999999999
0 0.1951171875 0.5452727426900585 0.02312499999999998 0.06460599999999997
0 0.2190625 0.5487877894736842 0.015625 0.053371
0 0.240390625 0.5470958479532163 0.01999999999999999 0.03838900000000003
0 0.2926171875 0.5460937660818713 0.023125000000000007 0.06086099999999998
0 0.48828125 0.46578286549707604 0.19625000000000004 0.7837080000000001
0 0.5753125 0.5631615321637427 0.016249999999999987 0.11704100000000006
0 0.6093359375 0.5597604619883041 0.04625000000000001 0.13483200000000004
0 0.6435546875 0.5787834970760234 0.03874999999999995 0.126404
0 0.836875 0.5777153333333334 0.03312499999999996 0.16666699999999998
