1 0.33203125 0.5515625 0.14921875 0.26015625
1 0.4328125 0.4953125 0.14921875 0.23359375
1 0.1921875 0.47734375 0.178125 0.25078125
1 0.5765625 0.51484375 0.14921875 0.21484375
1 0.7171875 0.48671875 0.15625 0.24609375
1 0.86796875 0.515625 0.14921875 0.2359375
0 0.19259097576141357 0.6256829261779785 0.19582819938659668 0.7442892074584961
0 0.8616408348083496 0.6506413459777832 0.17552852630615234 0.6987173080444335
0 0.7201163291931152 0.6290834069252014 0.16667842864990234 0.7418331861495971
0 0.43700283765792847 0.6359952449798584 0.15347559452056886 0.6945122718811035
0 0.5766690254211426 0.6498216152191162 0.15575590133666992 0.7003567695617676
0 0.33751184940338136 0.6552687168121338 0.161265230178833 0.6880358695983887