1 0.14609375 0.4375 0.11171875 0.21875
1 0.38515625 0.33828125 0.0578125 0.075
1 0.665625 0.3890625 0.0921875 0.16015625
0 0.6659379959106445 0.45766410827636717 0.10804233551025391 0.43152704238891604
0 0.30411653518676757 0.4005871653556824 0.07057504653930664 0.24700701236724854
0 0.5229110717773438 0.47013806104660033 0.1178171157836914 0.4873457193374634
0 0.7523265838623047 0.39209005832672117 0.08038253784179687 0.2979102611541748
0 0.3871004581451416 0.3179044723510742 0.08983526229858399 0.18671789169311523
0 0.21343517303466797 0.4074804186820984 0.06807451248168946 0.24665586948394774
0 0.14241896867752074 0.4853781580924988 0.14975087642669677 0.4651422739028931
0 0.911949634552002 0.46200947761535643 0.12309246063232422 0.3941800117492676
0 0.38520312309265137 0.5737609386444091 0.14816274642944335 0.41615991592407225