1 0.84140625 0.5015625 0.0578125 0.09609375
1 0.31953125 0.50390625 0.053125 0.08203125
1 0.10078125 0.52890625 0.196875 0.27734375
1 0.52265625 0.51953125 0.0890625 0.12265625
1 0.396875 0.5203125 0.10546875 0.13984375
1 0.940625 0.528125 0.11875 0.146875
1 0.71484375 0.51328125 0.09375 0.1203125
1 0.61640625 0.5 0.0703125 0.10625
0 0.5225372314453125 0.5814201354980468 0.10943126678466797 0.35954933166503905
0 0.7045616149902344 0.579938268661499 0.11860141754150391 0.39998855590820315
0 0.31702556610107424 0.5524870872497558 0.07595639228820801 0.2790380477905273
0 0.6170891761779785 0.5392628669738769 0.07592201232910156 0.26215229034423826
0 0.13713619709014893 0.6157066226005554 0.2589297294616699 0.7611515283584595
0 0.9233368873596192 0.6014079928398133 0.15260868072509765 0.4674349069595337
0 0.4004997253417969 0.5916454315185546 0.14601802825927734 0.44219493865966797
0 0.8436686515808105 0.5648807048797607 0.09077930450439453 0.3456589698791504
0 0.7790608882904053 0.5541659355163574 0.07072992324829101 0.2933218002319336