1 0.417187 0.544531 0.028125 0.029687
1 0.552344 0.568750 0.048438 0.056250
1 0.681250 0.589063 0.075000 0.103125
1 0.514062 0.556250 0.037500 0.056250
1 0.189844 0.587500 0.070312 0.106250
0 0.6796297073364258 0.6103597640991211 0.06584415435791016 0.2006744384765625
0 0.19060213565826417 0.6191359996795655 0.06657228469848633 0.23523225784301757
0 0.2935235023498535 0.6485009670257569 0.08569717407226562 0.27729272842407227
0 0.5157557964324951 0.5783189296722412 0.04021787643432617 0.13619394302368165
0 0.5540849685668945 0.595583438873291 0.04840908050537109 0.13853321075439454
0 0.4157154083251953 0.5610750198364258 0.02767524719238281 0.07964515686035156
0 0.3887507438659668 0.5579679489135743 0.027315711975097655 0.07401914596557617