1 0.671875 0.73984375 0.1703125 0.2921875
1 0.85234375 0.43828125 0.0765625 0.18671875
1 0.77421875 0.54296875 0.1390625 0.2921875
1 0.3859375 0.7359375 0.2296875 0.3453125
1 0.0390625 0.45625 0.078125 0.18984375
0 0.3798991203308105 0.6770473957061768 0.2383725166320801 0.5827517509460449
0 0.0402628093957901 0.5603341102600098 0.0805256187915802 0.573274040222168
0 0.6351182937622071 0.6900938987731934 0.24234428405761718 0.5372831344604492
0 0.2820627450942993 0.4582185745239258 0.08285365104675294 0.44321231842041015
0 0.20484985709190368 0.3345643520355225 0.1197013020515442 0.23408708572387696
0 0.7748709201812745 0.46180440187454225 0.17706022262573243 0.31755235195159914
0 0.5913948059082031 0.4767825245857239 0.13097677230834961 0.4148021459579468