1 0.8640625 0.534375 0.0328125 0.08359375
1 0.49921875 0.528125 0.078125 0.11796875
1 0.30546875 0.525 0.071875 0.128125
1 0.971875 0.53203125 0.0515625 0.096875
1 0.18125 0.53515625 0.08515625 0.140625
1 0.3875 0.5484375 0.07421875 0.09453125
1 0.5703125 0.5609375 0.09140625 0.171875
0 0.49753570556640625 0.5566563129425048 0.079376220703125 0.25972890853881836
0 0.550604248046875 0.646044921875 0.1225667953491211 0.4732221603393555
0 0.9635311126708984 0.575107192993164 0.07202911376953125 0.2697498321533203
0 0.30446386337280273 0.5764614105224609 0.08438243865966796 0.3112361907958984
0 0.17547719478607177 0.6153134822845459 0.09558920860290528 0.3805283546447754
0 0.3879805088043213 0.5910138607025146 0.08836793899536133 0.2223428726196289
0 0.8645669937133789 0.5412433624267579 0.040830230712890624 0.17763843536376953