1 0.48046875 0.51953125 0.09140625 0.12265625
1 0.67890625 0.5046875 0.0453125 0.084375
1 0.88828125 0.5265625 0.2140625 0.28671875
1 0.6046875 0.52421875 0.1078125 0.146875
1 0.2875 0.51328125 0.09375 0.125
1 0.05625 0.5265625 0.1125 0.14375
0 0.4767576217651367 0.5820629119873046 0.10985164642333985 0.361829948425293
0 0.29215540885925295 0.5804296016693116 0.1157745361328125 0.3990987777709961
0 0.8586541891098023 0.6154724001884461 0.26174321174621584 0.7657724618911743
0 0.38116254806518557 0.5393624305725098 0.08191452026367188 0.26413402557373045
0 0.684028434753418 0.5520741462707519 0.0754404067993164 0.2795766830444336
0 0.1585411787033081 0.5603081703186035 0.09136772155761719 0.33761281967163087
0 0.07830708622932434 0.673534631729126 0.15661417245864867 0.617037296295166
0 0.6009872913360595 0.6349151730537415 0.14227418899536132 0.5340120077133179
0 0.22146873474121093 0.5563732147216797 0.07259440422058105 0.2984142303466797