1 0.3296875 0.47578125 0.071875 0.14296875
1 0.22890625 0.5 0.09375 0.16875
0 0.23430323600769043 0.5763013362884521 0.12331523895263671 0.4329379081726074
0 0.6302610397338867 0.553850793838501 0.07434368133544922 0.25108137130737307
0 0.9156518936157226 0.5569726943969726 0.06686172485351563 0.22315654754638672
0 0.49618754386901853 0.5864387512207031 0.09146127700805665 0.3593727111816406
0 0.5561188697814942 0.5648441314697266 0.061128425598144534 0.24247150421142577
0 0.7231839656829834 0.5540031433105469 0.04083108901977539 0.23208541870117189
0 0.8146892547607422 0.5612842559814453 0.08031463623046875 0.22508201599121094
0 0.06866849809885026 0.5387391090393067 0.07645046412944793 0.24340362548828126
0 0.773881483078003 0.5615900993347168 0.049789714813232425 0.21948184967041015