1 0.32578125 0.42890625 0.0453125 0.0625
1 0.22734375 0.39609375 0.0453125 0.06484375
1 0.58046875 0.5625 0.06015625 0.09375
1 0.66484375 0.5828125 0.06015625 0.09609375
1 0.5015625 0.5640625 0.07421875 0.10625
1 0.396875 0.5421875 0.08203125 0.115625
0 0.5784276962280274 0.5969108581542969 0.08032169342041015 0.24120407104492186
0 0.48602848052978515 0.6148673534393311 0.1032597541809082 0.29114570617675783
0 0.39692182540893556 0.5935170173645019 0.09715242385864258 0.31093196868896483
0 0.6621671676635742 0.611005163192749 0.05737876892089844 0.2369248390197754
0 0.32196846008300783 0.4476426124572754 0.05253367424011231 0.1531625747680664
0 0.2788418769836426 0.43268189430236814 0.05307903289794922 0.14858875274658204
0 0.2307711124420166 0.41980814933776855 0.04886579513549805 0.14796714782714843