1 0.6578125 0.4203125 0.19453125 0.2046875
1 0.2796875 0.58515625 0.13203125 0.24609375
1 0.1671875 0.6265625 0.13671875 0.2265625
1 0.4859375 0.4359375 0.1203125 0.159375
0 0.8356110572814941 0.32901926040649415 0.0784149169921875 0.137992000579834
0 0.9520233154296875 0.2602213144302368 0.07070903778076172 0.19376296997070314
0 0.26982865333557127 0.2976544857025146 0.10013580322265625 0.19255971908569336
0 0.4404761791229248 0.2600769281387329 0.08456554412841796 0.2433323383331299
0 0.37127437591552737 0.2655389070510864 0.07443103790283204 0.2534970283508301
0 0.6452909469604492 0.40921673774719236 0.18408870697021484 0.4661995887756348
0 0.4983315944671631 0.5007027626037598 0.1255742073059082 0.3833483695983887
0 0.9732561588287354 0.3832056522369385 0.0534876823425293 0.08903894424438477