1 0.94375 0.58984375 0.0578125 0.21796875
1 0.97734375 0.70703125 0.0453125 0.30859375
0 0.7134287834167481 0.6494711875915528 0.11633548736572266 0.5277179718017578
0 0.8625104665756226 0.6974313735961915 0.14107975959777833 0.5991138458251953
0 0.441876745223999 0.549005126953125 0.06773710250854492 0.3251532554626465
0 0.6477048873901368 0.5855237960815429 0.06367864608764648 0.35396547317504884
0 0.10446820259094239 0.5543300151824951 0.07605593204498291 0.318410587310791
0 0.16664116382598876 0.5456310749053955 0.0750892162322998 0.28405370712280276
0 0.5531360626220703 0.5538132667541504 0.07211036682128906 0.30487537384033203
0 0.37789785861968994 0.5440208554267884 0.09387669563293458 0.3174680471420288
0 0.24359798431396484 0.5340717196464538 0.06495628356933594 0.2952802896499634
0 0.48887081146240235 0.5449951171875 0.05353002548217774 0.2569232940673828
0 0.6060564041137695 0.5537980079650879 0.04930591583251953 0.2964672088623047