1 0.48203125 0.340625 0.0796875 0.178125
1 0.01875 0.86171875 0.0359375 0.18984375
1 0.97890625 0.7125 0.04140625 0.1453125
1 0.50859375 0.88515625 0.07578125 0.1796875
1 0.14296875 0.10234375 0.05859375 0.18203125
1 0.6203125 0.746875 0.053125 0.13359375
1 0.58671875 0.92265625 0.08046875 0.1546875
1 0.83515625 0.6890625 0.059375 0.16484375
0 0.5907876014709472 0.88830087184906 0.1010894775390625 0.22261853218078614
0 0.8162443399429321 0.7492349147796631 0.11175265312194824 0.41762590408325195
0 0.11541836261749268 0.7400469303131103 0.1414320945739746 0.5190213203430176