1 0.665625 0.5421875 0.125 0.240625
1 0.56640625 0.490625 0.13671875 0.21484375
1 0.2875 0.48515625 0.1515625 0.23359375
1 0.134375 0.5171875 0.14921875 0.23359375
1 0.41796875 0.5109375 0.1390625 0.21171875
1 0.8078125 0.4734375 0.1828125 0.24375
0 0.2783858358860016 0.6310730934143066 0.1684388041496277 0.7378538131713868
0 0.42053202390670774 0.6546133995056153 0.15793955326080322 0.6907732009887695
0 0.8045933723449707 0.6243313312530517 0.1955190658569336 0.7438551902770996
0 0.1381714791059494 0.6502746105194092 0.18031144738197327 0.6994507789611817
0 0.6537105560302734 0.6553118586540222 0.17186927795410156 0.6893762826919556
0 0.5656055450439453 0.6430293083190918 0.16603832244873046 0.7050352096557617