1 0.47890625 0.18515625 0.0203125 0.04453125
1 0.51875 0.19921875 0.02578125 0.07265625
1 0.3203125 0.24453125 0.09453125 0.1921875
1 0.83828125 0.3890625 0.078125 0.1078125
1 0.1421875 0.30234375 0.15390625 0.32421875
1 0.71796875 0.27734375 0.12265625 0.2234375
0 0.7542882919311523 0.3771202087402344 0.28069915771484377 0.6551482200622558
0 0.17164676189422606 0.4011492609977722 0.2135906219482422 0.7687195062637329
0 0.9616565704345703 0.2439514219760895 0.044025421142578125 0.1288329005241394
0 0.32440736293792727 0.296030855178833 0.12496252059936523 0.45343656539916993
0 0.5121246814727783 0.23792848587036133 0.0507777214050293 0.209136438369751
0 0.5627840042114258 0.1942270278930664 0.025844383239746093 0.08308024406433105
0 0.47995648384094236 0.20425686836242676 0.030756378173828126 0.1105257511138916
0 0.38757667541503904 0.19750680923461914 0.03037748336791992 0.09644255638122559