1 0.70703125 0.60390625 0.134375 0.22421875
1 0.21484375 0.584375 0.1453125 0.21875
1 0.1453125 0.42109375 0.109375 0.240625
1 0.86015625 0.6203125 0.178125 0.24609375
1 0.55234375 0.6453125 0.1375 0.25078125
1 0.51484375 0.44296875 0.12578125 0.22578125
1 0.60546875 0.45 0.0984375 0.19609375
1 0.71328125 0.4265625 0.14453125 0.20703125
1 0.809375 0.4140625 0.09375 0.16015625
1 0.4515625 0.425 0.09140625 0.22578125
1 0.359375 0.6359375 0.1546875 0.24765625
1 0.36484375 0.4265625 0.12578125 0.17109375
1 0.2640625 0.4171875 0.09921875 0.18203125