1 0.025 0.70859375 0.05 0.31171875
1 0.04765625 0.584375 0.059375 0.21875
0 0.14233492612838744 0.6976497650146485 0.13689181804656983 0.5945272445678711
0 0.2840949535369873 0.6501264572143555 0.12091183662414551 0.5269308090209961
0 0.8958329200744629 0.5570219874382019 0.07895069122314453 0.31878798007965087
0 0.829101276397705 0.5507855415344238 0.07873058319091797 0.27358436584472656
0 0.44629578590393065 0.5300609111785889 0.06408023834228516 0.2692420959472656
0 0.7613409519195556 0.5327159881591796 0.0724717140197754 0.28995819091796876
0 0.610866928100586 0.5471507906913757 0.0848611831665039 0.31631720066070557
0 0.5575580596923828 0.5446594715118408 0.06734466552734375 0.3202065467834473
0 0.5160963535308838 0.5438676834106445 0.05135774612426758 0.254827880859375
0 0.3509158372879028 0.5473690032958984 0.06599993705749511 0.2992875099182129
0 0.6599772453308106 0.6024884700775146 0.07859268188476562 0.4168583869934082