1 0.884375 0.57421875 0.11875 0.196875
1 0.9671875 0.52421875 0.06484375 0.2015625
1 0.740625 0.5765625 0.11015625 0.1921875
1 0.12109375 0.52421875 0.11875 0.1875
1 0.59375 0.5671875 0.1265625 0.21640625
1 0.4265625 0.54453125 0.10625 0.19453125
1 0.26796875 0.5453125 0.1140625 0.2015625
0 0.5852553367614746 0.6396240234375 0.18645496368408204 0.5675788879394531
0 0.28510887622833253 0.6237136840820312 0.16206459999084472 0.5533370971679688
0 0.8749042510986328 0.6374431490898133 0.1470867156982422 0.5175979852676391
0 0.7259444236755371 0.6387085437774658 0.15374832153320311 0.5561032295227051
0 0.9579980850219727 0.5892773747444153 0.08326530456542969 0.5037456274032592
0 0.13879703283309935 0.5398764491081238 0.16114628314971924 0.6154033899307251