1 0.88984375 0.496875 0.09453125 0.278125
1 0.0421875 0.4546875 0.084375 0.2921875
1 0.96328125 0.4796875 0.0734375 0.296875
1 0.10546875 0.471875 0.18203125 0.26640625
1 0.78125 0.475 0.1609375 0.2859375
1 0.27734375 0.45234375 0.1546875 0.246875
1 0.53046875 0.45234375 0.17421875 0.2578125
0 0.5267608642578125 0.582166051864624 0.21865253448486327 0.7310708045959473
0 0.281010103225708 0.5813761711120605 0.20063400268554688 0.7040548324584961
0 0.8031665563583374 0.6107331395149231 0.2535568714141846 0.7253303289413452
0 0.06000254154205322 0.587735652923584 0.12000508308410644 0.7761289596557617
0 0.12331528663635254 0.5927785873413086 0.18504981994628905 0.7682315826416015
0 0.9598556518554687 0.5550499439239502 0.08002967834472656 0.6540865898132324
0 0.7702581405639648 0.5813814043998718 0.20593738555908203 0.7244091272354126