1 0.02734375 0.47734375 0.021875 0.03359375
1 0.07109375 0.4671875 0.0359375 0.0609375
1 0.440625 0.615625 0.1359375 0.2703125
1 0.2765625 0.6390625 0.15625 0.30078125
1 0.571875 0.61875 0.128125 0.2734375
1 0.7109375 0.60703125 0.14765625 0.290625
0 0.2710536241531372 0.6867084980010987 0.19601364135742189 0.624695873260498
0 0.5727568149566651 0.6801753044128418 0.14823026657104493 0.6380151748657227
0 0.43789124488830566 0.6753092646598816 0.15947275161743163 0.6493814706802368
0 0.715220308303833 0.6686467170715332 0.16249895095825195 0.6625200271606445
0 0.07071033716201783 0.4948286056518555 0.04491028785705566 0.1622945785522461
0 0.137238073348999 0.48588852882385253 0.038157200813293456 0.10787582397460938