1 0.315625 0.25234375 0.07109375 0.12578125
1 0.715625 0.440625 0.06875 0.17265625
1 0.8375 0.4046875 0.07265625 0.140625
1 0.65703125 0.3828125 0.05625 0.1234375
1 0.38828125 0.23984375 0.05390625 0.1125
1 0.2234375 0.2578125 0.06484375 0.12578125
1 0.51796875 0.3046875 0.11640625 0.271875
0 0.2256653845310211 0.2994196891784668 0.0777612566947937 0.31039772033691404
0 0.5157717704772949 0.4407197833061218 0.15689029693603515 0.7853664636611939
0 0.827272605895996 0.3916928768157959 0.08615627288818359 0.2179859161376953
0 0.6571599006652832 0.42292017936706544 0.07001247406005859 0.30083694458007815
0 0.3192098140716553 0.28216602802276614 0.07413253784179688 0.2644172191619873