1 0.47265625 0.534375 0.059375 0.18203125
1 0.515625 0.49375 0.05234375 0.17109375
1 0.578125 0.5078125 0.0453125 0.1359375
1 0.4078125 0.53203125 0.08984375 0.25
1 0.76875 0.534375 0.06171875 0.140625
1 0.89375 0.53828125 0.06328125 0.1328125
1 0.071875 0.68828125 0.14296875 0.6015625
0 0.894838809967041 0.6160389423370362 0.08924274444580078 0.42820138931274415
0 0.07575087547302246 0.5647265434265136 0.1508652687072754 0.8620767593383789
0 0.7651841163635253 0.5836152076721192 0.0667032241821289 0.3564312934875488
0 0.4006918787956238 0.6423991680145263 0.12542097568511962 0.6985520362854004
0 0.5808016777038574 0.5757208943367005 0.0852778434753418 0.39218308925628664