1 0.4109375 0.075 0.02890625 0.0640625
1 0.475 0.08671875 0.0390625 0.07734375
0 0.9189882278442383 0.47961806058883666 0.09378547668457031 0.4391695261001587
0 0.654148006439209 0.8253158569335938 0.22691936492919923 0.3483253479003906
0 0.36762027740478515 0.09165095686912536 0.03900604248046875 0.15009785890579225
0 0.6490426063537598 0.1006853699684143 0.035536575317382815 0.14718797206878662
0 0.3488778591156006 0.39490318298339844 0.12217941284179687 0.2762320518493652
0 0.2156340539455414 0.4897150993347168 0.15199910402297973 0.4366270065307617
0 0.4773059368133545 0.0985383927822113 0.037477970123291016 0.15377241373062134
0 0.8980195999145508 0.32224957942962645 0.06891136169433594 0.30262141227722167
0 0.4089529991149902 0.09745579957962036 0.044709396362304685 0.16310558319091797