1 0.184375 0.3234375 0.05390625 0.1390625
1 0.596875 0.384375 0.08359375 0.11796875
1 0.2359375 0.321875 0.06953125 0.165625
1 0.33125 0.3671875 0.04921875 0.0875
1 0.6859375 0.246875 0.17421875 0.325
0 0.6555187225341796 0.3791898488998413 0.21609077453613282 0.7583796977996826
0 0.03394388556480408 0.380966329574585 0.06758006811141967 0.262449836730957
0 0.4664560317993164 0.3777144908905029 0.060689353942871095 0.2716843605041504
0 0.018948112428188325 0.37797839641571046 0.03789622485637665 0.2610472202301025
0 0.1986940622329712 0.3823622763156891 0.1270632266998291 0.3703697085380554
0 0.22478115558624268 0.37673296332359313 0.0883643627166748 0.37841159105300903
0 0.3308626651763916 0.3793591022491455 0.045846176147460935 0.16285409927368164