1 0.38984375 0.41484375 0.06171875 0.1390625
1 0.665625 0.54375 0.0875 0.1234375
1 0.1234375 0.42109375 0.06640625 0.1296875
1 0.74921875 0.3828125 0.08046875 0.13125
1 0.621875 0.3703125 0.06171875 0.10703125
1 0.05390625 0.43125 0.08046875 0.14609375
1 0.54453125 0.40234375 0.07578125 0.14453125
1 0.83125 0.41171875 0.0734375 0.159375
1 0.9078125 0.3953125 0.0859375 0.15234375
0 0.05464128255844116 0.4711677670478821 0.09093356132507324 0.33008248805999757
0 0.9096578598022461 0.4388408541679382 0.10192298889160156 0.3720453500747681
0 0.6730406761169434 0.5534684658050537 0.1079751968383789 0.25945119857788085
0 0.8292152643203735 0.46063904762268065 0.09411463737487794 0.38866119384765624
0 0.6244579792022705 0.39623174667358396 0.07206649780273437 0.2659564971923828
0 0.5456862926483155 0.4604725956916809 0.115264892578125 0.3918079137802124
0 0.7437991142272949 0.43416393995285035 0.11017169952392578 0.3335504770278931
0 0.25428636074066163 0.465449857711792 0.07316241264343262 0.3132643699645996
0 0.1249620795249939 0.46541461944580076 0.07990095615386963 0.3198116302490234
0 0.31805882453918455 0.4453328251838684 0.08093633651733398 0.31801908016204833
0 0.39135141372680665 0.4588839650154114 0.07704305648803711 0.3215396642684937
0 0.1857956290245056 0.4792426109313965 0.08997175693511963 0.30678567886352537
0 0.4558901786804199 0.4450206279754639 0.08464775085449219 0.3292677879333496