1 0.03359375 0.51796875 0.06640625 0.18515625
1 0.11484375 0.57421875 0.1171875 0.1921875
1 0.4078125 0.57109375 0.1265625 0.2140625
1 0.25703125 0.57578125 0.11015625 0.19453125
1 0.87734375 0.521875 0.11875 0.1875
1 0.571875 0.540625 0.11875 0.1875
1 0.73203125 0.546875 0.1171875 0.19921875
0 0.41440410614013673 0.6403204917907714 0.18740720748901368 0.5651950836181641
0 0.7134130954742431 0.627347469329834 0.16711502075195311 0.5474641799926758
0 0.12525678873062135 0.63883957862854 0.1472179651260376 0.5239640235900879
0 0.27415394186973574 0.6220310688018799 0.16572924852371215 0.584475040435791
0 0.5752348899841309 0.576019287109375 0.1512228012084961 0.5715200424194335
0 0.8617076873779297 0.5890073657035828 0.1516580581665039 0.5018326044082642
0 0.04147369861602783 0.5841735363006592 0.08294739723205566 0.500645923614502