1 0.321875 0.587500 0.071875 0.093750
1 0.485938 0.556250 0.037500 0.062500
1 0.446094 0.564844 0.045312 0.054688
1 0.810156 0.591406 0.076563 0.114062
0 0.7067700386047363 0.6452531814575195 0.08890781402587891 0.28037185668945314
0 0.8101556777954102 0.6188734531402588 0.06483573913574218 0.23028335571289063
0 0.3196101188659668 0.6105809211730957 0.06639719009399414 0.19830722808837892
0 0.6123751640319824 0.5584794044494629 0.027776145935058595 0.07544841766357421
0 0.48550662994384763 0.5781152725219727 0.04177036285400391 0.14385986328125
0 0.4451169013977051 0.5936466217041015 0.04644718170166016 0.14465713500976562
0 0.5839501857757569 0.5612422466278076 0.030059814453125 0.07974729537963868