1 0.14921875 0.5875 0.1125 0.2796875
1 0.84296875 0.3625 0.08671875 0.18359375
1 0.5515625 0.3390625 0.07421875 0.2234375
1 0.59609375 0.484375 0.05234375 0.12578125
1 0.284375 0.33828125 0.11171875 0.34921875
1 0.459375 0.3796875 0.1125 0.25078125
1 0.040625 0.4484375 0.08125 0.4875
1 0.4453125 0.6234375 0.15078125 0.23671875
1 0.9265625 0.3265625 0.0890625 0.2203125
1 0.753125 0.3734375 0.084375 0.2203125
1 0.66171875 0.27578125 0.09921875 0.25625
0 0.6637726306915284 0.38335447311401366 0.11365060806274414 0.7231196403503418
0 0.7636336326599121 0.4465205669403076 0.11048202514648438 0.5948629379272461
0 0.8450553894042969 0.435028600692749 0.09923019409179687 0.5987078666687011
0 0.28488993644714355 0.40674554109573363 0.19740700721740723 0.7975538015365601
0 0.4557886004447937 0.47501506805419924 0.1562664270401001 0.5829237937927246
0 0.9251720428466796 0.418078625202179 0.10919342041015626 0.6234699010848999
0 0.5502962112426758 0.4355499744415283 0.08639917373657227 0.6542641639709472