1 0.35703125 0.75703125 0.06796875 0.0609375
1 0.0515625 0.83984375 0.07578125 0.065625
1 0.9140625 0.715625 0.0546875 0.0515625
1 0.65 0.29453125 0.51875 0.30546875
0 0.6652987480163575 0.3721510887145996 0.5227270126342773 0.4796163558959961
0 0.05068737417459488 0.8482612371444702 0.09346401393413543 0.14086880683898925
0 0.8452075958251953 0.8096827507019043 0.08393440246582032 0.14213027954101562
0 0.12896136939525604 0.8329913854598999 0.08204484581947327 0.1268333911895752
0 0.2738318920135498 0.8229041814804077 0.08293008804321289 0.13834576606750487
0 0.4217680931091309 0.8179878473281861 0.08111648559570313 0.11538691520690918
0 0.3456770896911621 0.8277616262435913 0.07859230041503906 0.10789875984191895
0 0.30191769599914553 0.7462215900421143 0.059763526916503905 0.09942684173583985
0 0.7714112281799317 0.8124951362609864 0.06759986877441407 0.12759552001953126
0 0.4471728324890137 0.7523694038391113 0.07132749557495117 0.1356557846069336
0 0.5692228317260742 0.8226480484008789 0.06990604400634766 0.108306884765625