1 0.146875 0.72421875 0.07421875 0.184375
1 0.103125 0.73203125 0.078125 0.17890625
1 0.728125 0.765625 0.10390625 0.20234375
1 0.48828125 0.7546875 0.0796875 0.20234375
1 0.64296875 0.7625 0.09765625 0.2078125
1 0.38828125 0.75859375 0.14375 0.1890625
1 0.26015625 0.765625 0.13203125 0.16015625
1 0.04609375 0.78125 0.0921875 0.25078125
1 0.846875 0.771875 0.1140625 0.1890625
1 0.553125 0.75625 0.10625 0.2109375
0 0.266302353143692 0.7864824295043945 0.1502440333366394 0.4244853973388672
0 0.837503981590271 0.7423782825469971 0.11241116523742675 0.26297826766967775
0 0.3963991641998291 0.7706306457519532 0.1497788429260254 0.45514717102050783
0 0.04534273147583008 0.8214673042297364 0.09068546295166016 0.3564624786376953
0 0.4920363426208496 0.7148373603820801 0.07779169082641602 0.2744892120361328
0 0.7274407863616943 0.7221244812011719 0.09321470260620117 0.2781015396118164
0 0.20097742676734925 0.6952430725097656 0.09357384443283082 0.25244846343994143