1 0.275 0.315625 0.19296875 0.103125
1 0.221875 0.84453125 0.1859375 0.1
1 0.2625 0.57890625 0.2328125 0.11328125
1 0.7546875 0.5796875 0.19765625 0.1078125
1 0.775 0.11640625 0.21796875 0.11484375
1 0.76015625 0.8328125 0.15859375 0.0953125
1 0.77265625 0.31328125 0.178125 0.09921875
0 0.7556875705718994 0.09066405296325683 0.2670559883117676 0.16914074420928954
0 0.25457310676574707 0.5573675155639648 0.27559218406677244 0.1676919937133789
0 0.7732254981994628 0.8202096939086914 0.20675430297851563 0.14320945739746094
0 0.780423641204834 0.2949203014373779 0.20239429473876952 0.15159521102905274