1 0.1203125 0.63515625 0.03828125 0.05546875
1 0.1609375 0.63359375 0.0578125 0.07734375
1 0.321875 0.915625 0.10078125 0.14921875
1 0.24765625 0.92734375 0.08671875 0.09609375
1 0.2359375 0.621875 0.0765625 0.09140625
1 0.8125 0.58515625 0.259375 0.26015625
1 0.31875 0.6359375 0.1078125 0.15390625
1 0.46875 0.90859375 0.15859375 0.178125
1 0.47265625 0.62890625 0.1609375 0.23125
0 0.8317454338073731 0.6504982948303223 0.29422473907470703 0.694853401184082
0 0.3258418083190918 0.6208051681518555 0.12932367324829103 0.24128227233886718
0 0.47269620895385744 0.7116194725036621 0.15277471542358398 0.5764671325683594