1 0.2953125 0.55859375 0.071875 0.103125
1 0.18984375 0.56484375 0.08671875 0.115625
1 0.3609375 0.58203125 0.09140625 0.125
1 0.953125 0.63203125 0.09375 0.22578125
1 0.70546875 0.62734375 0.12265625 0.2015625
1 0.47734375 0.584375 0.1078125 0.1390625
0 0.9469350814819336 0.7197033882141113 0.10545501708984376 0.5576066970825195
0 0.35369257926940917 0.6145546913146973 0.10632877349853516 0.29181251525878904
0 0.46613302230834963 0.6304749011993408 0.10930061340332031 0.3331334114074707
0 0.6891540050506592 0.7264983177185058 0.15698022842407228 0.5462045669555664
0 0.29011850357055663 0.5847117900848389 0.08189401626586915 0.2320013999938965
0 0.8203673362731934 0.590184497833252 0.0821298599243164 0.2302326202392578
0 0.18946253061294555 0.5994665145874023 0.11449549198150635 0.290155029296875
0 0.5979788780212403 0.5731437683105469 0.06759052276611328 0.21808128356933593
0 0.8681985855102539 0.5333939075469971 0.04008426666259766 0.1202317237854004
0 0.034444612264633176 0.6059119224548339 0.06874028444290162 0.26489925384521484