1 0.83515625 0.0421875 0.12734375 0.084375
1 0.65703125 0.040625 0.1140625 0.08125
1 0.0875 0.5015625 0.1421875 0.13984375
1 0.65390625 0.4734375 0.115625 0.1375
1 0.490625 0.4671875 0.1109375 0.14453125
1 0.83515625 0.478125 0.12734375 0.1375
1 0.25234375 0.4890625 0.14921875 0.14453125
0 0.2546254873275757 0.5214702486991882 0.13807225227355957 0.3110466241836548
0 0.49100799560546876 0.5047317504882812 0.09322071075439453 0.3047910690307617
0 0.09511363506317139 0.5350910067558289 0.1327138900756836 0.28542826175689695
0 0.835849666595459 0.5001018643379211 0.11220073699951172 0.28697183132171633
0 0.6494823455810547 0.5169816136360168 0.10794906616210938 0.30414273738861086