1 0.01328125 0.409375 0.0265625 0.178125
1 0.14453125 0.36875 0.06640625 0.1765625
1 0.9125 0.29296875 0.0859375 0.17578125
1 0.2296875 0.37734375 0.0859375 0.2203125
1 0.95 0.57109375 0.0953125 0.25
0 0.5780352592468262 0.4015649318695068 0.16187362670898436 0.6134678840637207
0 0.726637601852417 0.43284173011779786 0.14927225112915038 0.5536678314208985
0 0.2197566270828247 0.4498013496398926 0.11773099899291992 0.5195713043212891
0 0.3971043825149536 0.4103236675262451 0.15817475318908691 0.5900414466857911
0 0.1390218496322632 0.44400272369384763 0.11423406600952149 0.4618769645690918
0 0.8256723403930664 0.4191011905670166 0.1018899917602539 0.5591479301452636
0 0.9119432449340821 0.3520318269729614 0.10139636993408203 0.4391608715057373
0 0.3294227600097656 0.4306553840637207 0.14985103607177735 0.5545558929443359
0 0.10615871250629424 0.06645194292068482 0.07697519659996033 0.128830623626709
0 0.056708133220672606 0.4601597785949707 0.11341626644134521 0.35709457397460936
0 0.40260791778564453 0.32648255825042727 0.1717672348022461 0.41843104362487793
0 0.9489067077636719 0.5204871654510498 0.10175819396972656 0.3726637840270996