1 0.9609375 0.7 0.075 0.221875
1 0.71640625 0.66640625 0.0515625 0.20546875
1 0.82265625 0.79296875 0.1109375 0.3640625
1 0.65078125 0.7359375 0.0921875 0.31640625
1 0.4546875 0.57890625 0.059375 0.14140625
1 0.546875 0.759375 0.103125 0.28046875
0 0.8207633972167969 0.7295717716217041 0.1367887496948242 0.5360171318054199
0 0.5399596214294433 0.7547893524169922 0.11682519912719727 0.4848114013671875
0 0.9388046264648438 0.7585655212402344 0.12191352844238282 0.47888545989990233
0 0.46058244705200196 0.6462980747222901 0.07129697799682617 0.40529890060424806
0 0.6616971015930175 0.7259660243988038 0.12521371841430665 0.5480679512023926