1 0.5953125 0.39296875 0.12265625 0.33359375
1 0.23671875 0.425 0.12578125 0.35
1 0.05078125 0.41796875 0.1015625 0.35
1 0.72734375 0.41484375 0.109375 0.38984375
1 0.40546875 0.38984375 0.12421875 0.36640625
1 0.8921875 0.34296875 0.13203125 0.33984375
0 0.8858095169067383 0.49269542694091795 0.16312065124511718 0.8262454986572265
0 0.40075443983078 0.5268481254577637 0.1737529993057251 0.9010658264160156
0 0.5949841976165772 0.5070250988006592 0.14562530517578126 0.8241288185119628
0 0.7302510261535644 0.3646331071853638 0.13582382202148438 0.5471160411834717
0 0.06188796758651734 0.5267143726348877 0.12377593517303467 0.7628556251525879