1 0.32578125 0.3421875 0.06484375 0.0796875
1 0.0828125 0.3171875 0.06484375 0.08203125
1 0.021875 0.3421875 0.04296875 0.0796875
1 0.25390625 0.31640625 0.06484375 0.0796875
1 0.43046875 0.31484375 0.16328125 0.2015625
1 0.91953125 0.33046875 0.1609375 0.521875
1 0.6765625 0.35 0.2765625 0.4640625
0 0.430767822265625 0.35782151222229003 0.16354894638061523 0.44542436599731444
0 0.9197162628173828 0.5303004264831543 0.1591033935546875 0.838920783996582
0 0.2563495397567749 0.3449852705001831 0.06129531860351563 0.206504487991333
0 0.32530555725097654 0.3618188381195068 0.06477041244506836 0.19459161758422852
0 0.08161445707082748 0.34032087326049804 0.06398830711841583 0.19998903274536134
0 0.6472340583801269 0.485324764251709 0.36089191436767576 0.9515380859375
0 0.02070872187614441 0.3621529579162598 0.0413661003112793 0.2002094268798828