1 0.23203125 0.609375 0.1015625 0.2953125
1 0.67265625 0.60390625 0.10859375 0.30625
1 0.5375 0.64296875 0.1046875 0.2890625
1 0.1265625 0.58515625 0.10859375 0.26484375
1 0.36875 0.678125 0.090625 0.240625
1 0.7828125 0.61953125 0.08671875 0.2734375
1 0.91484375 0.60859375 0.11171875 0.28828125
0 0.12588945627212525 0.6638250827789307 0.1211132287979126 0.6723498344421387
0 0.044799938797950745 0.6555764675140381 0.08959987759590149 0.6888470649719238
0 0.6699021339416504 0.6645198941230774 0.13633556365966798 0.6666682958602905
0 0.5396501541137695 0.7074934959411621 0.1265565872192383 0.5850130081176758
0 0.8087753295898438 0.6666561603546143 0.16915016174316405 0.6627633094787597