1 0.2875 0.5078125 0.08125 0.171875
1 0.36640625 0.49140625 0.09296875 0.1671875
1 0.70078125 0.5421875 0.09296875 0.21484375
1 0.46328125 0.503125 0.0828125 0.1625
1 0.5921875 0.57421875 0.1046875 0.17890625
1 0.8578125 0.48515625 0.1 0.1828125
0 0.8503949880599976 0.5581061363220214 0.2423859119415283 0.6860223770141601
0 0.29636554718017577 0.6187376976013184 0.17919034957885743 0.5845949172973632
0 0.7015598297119141 0.6572985172271728 0.11347122192382812 0.5895951271057129
0 0.4584513545036316 0.49856473207473756 0.1585939645767212 0.451371169090271
0 0.62548828125 0.6468008518218994 0.19399547576904297 0.5759896278381348
0 0.37174167633056643 0.5363301277160645 0.12521867752075194 0.389139461517334