1 0.958594 0.415625 0.079687 0.106250
1 0.078125 0.233594 0.112500 0.110937
1 0.192969 0.253125 0.098437 0.115625
1 0.605469 0.870313 0.210938 0.162500
1 0.911719 0.721875 0.170313 0.150000
1 0.817187 0.401562 0.190625 0.128125
1 0.183594 0.876563 0.301563 0.246875
0 0.19446630477905275 0.7988736629486084 0.3875736236572266 0.4008923530578613
0 0.8416374206542969 0.424301540851593 0.24612579345703126 0.26712186336517335
0 0.6105696201324463 0.8567959785461425 0.21140546798706056 0.28555774688720703
0 0.8898185729980469 0.7537091255187989 0.21854743957519532 0.3182506561279297
0 0.0845031499862671 0.2682014226913452 0.1269735336303711 0.2705987453460693
0 0.20473051071166992 0.2867888450622559 0.13398141860961915 0.26938467025756835
0 0.945585823059082 0.44841513633728025 0.10795364379882813 0.22437410354614257