1 0.38671875 0.5375 0.1109375 0.23828125
1 0.85703125 0.54453125 0.17578125 0.2671875
1 0.13671875 0.50390625 0.1390625 0.2046875
1 0.5 0.52890625 0.15859375 0.27421875
1 0.65390625 0.5609375 0.15390625 0.2671875
1 0.2765625 0.5015625 0.134375 0.18984375
0 0.27994523048400877 0.5451870441436768 0.14005680084228517 0.43280601501464844
0 0.6579752922058105 0.571984338760376 0.1656492233276367 0.45157499313354493
0 0.5019497394561767 0.5571892261505127 0.1698838233947754 0.5057820320129395
0 0.8469801902770996 0.5671200633049012 0.18207836151123047 0.4704813241958618
0 0.3871298313140869 0.5524478793144226 0.10822544097900391 0.41447927951812746
0 0.1579686403274536 0.5611138820648194 0.16086606979370116 0.47002496719360354