1 0.48203125 0.3671875 0.10625 0.31640625
1 0.63828125 0.2375 0.06875 0.16015625
1 0.340625 0.3828125 0.18125 0.32890625
1 0.19375 0.32421875 0.15 0.2671875
1 0.81171875 0.2484375 0.13203125 0.21328125
0 0.8062753915786743 0.3374506950378418 0.18500132560729982 0.5853546142578125
0 0.18376769721508027 0.4740163326263428 0.19834938645362854 0.7571555137634277
0 0.6379715919494628 0.2960353374481201 0.10558795928955078 0.38938207626342775
0 0.35961480140686036 0.5380345821380615 0.2554205894470215 0.9197125434875488
0 0.5461453437805176 0.23257861137390137 0.10215530395507813 0.3550518035888672
0 0.7006114006042481 0.1973212480545044 0.0319549560546875 0.12653665542602538