1 0.515625 0.82109375 0.09609375 0.23125
1 0.80703125 0.78671875 0.09375 0.234375
1 0.62421875 0.7234375 0.1 0.16796875
1 0.43671875 0.85703125 0.1421875 0.28515625
1 0.2796875 0.7984375 0.14765625 0.28203125
1 0.72421875 0.87109375 0.16796875 0.234375
0 0.7472176551818848 0.8105880498886109 0.1928802490234375 0.378214693069458
0 0.4463962435722351 0.8078319549560546 0.14076731204986573 0.3837535858154297
0 0.6175823211669922 0.7905989646911621 0.09394416809082032 0.41121788024902345
0 0.2821985721588135 0.7809689998626709 0.13323163986206055 0.4360379219055176
0 0.5147240638732911 0.8122402429580688 0.09868640899658203 0.37476191520690916