1 0.50625 0.428125 0.08984375 0.23203125
1 0.6796875 0.43359375 0.10859375 0.24453125
0 0.921660041809082 0.6316311836242676 0.1560873031616211 0.7367376327514649
0 0.512999439239502 0.5482231140136719 0.12765083312988282 0.6425132751464844
0 0.22355422973632813 0.6820626258850098 0.1296449661254883 0.6013004302978515
0 0.6743464469909668 0.5518399715423584 0.11430873870849609 0.6400477409362793
0 0.33137736320495603 0.5256043910980225 0.09947366714477539 0.46310720443725584
0 0.40378130674362184 0.4944329261779785 0.08173277378082275 0.40854568481445314
0 0.026737278699874877 0.5674980163574219 0.05347455739974975 0.5739507675170898
0 0.15185894966125488 0.5263024806976319 0.08138117790222169 0.4041661262512207
0 0.7589763641357422 0.5398845195770263 0.08003320693969726 0.5024239540100097