1 0.33359375 0.5890625 0.1171875 0.2828125
1 0.2109375 0.609375 0.1078125 0.2828125
1 0.76875 0.6125 0.10390625 0.2953125
1 0.87265625 0.584375 0.1140625 0.26328125
1 0.459375 0.64140625 0.10078125 0.2859375
1 0.62890625 0.69453125 0.1015625 0.30625
1 0.5296875 0.55390625 0.0953125 0.2703125
1 0.08203125 0.6109375 0.1125 0.28984375
1 0.41640625 0.47421875 0.07265625 0.1828125
1 0.97109375 0.5671875 0.05703125 0.30625
0 0.8696095466613769 0.6636564373970032 0.12020816802978515 0.668917441368103
0 0.4611816883087158 0.7052060604095459 0.13371782302856444 0.5893223762512207
0 0.9558938980102539 0.6467056751251221 0.08815383911132812 0.7065886497497559
0 0.324035120010376 0.6642004966735839 0.14775323867797852 0.671599006652832
0 0.2032085418701172 0.6648588657379151 0.1549835681915283 0.6694813728332519
0 0.62808256149292 0.7314021587371826 0.11423759460449219 0.5367291450500489