1 0.6046875 0.31640625 0.034375 0.08515625
1 0.09453125 0.40390625 0.1609375 0.225
1 0.28203125 0.4390625 0.1546875 0.28671875
1 0.79296875 0.43359375 0.1390625 0.2359375
1 0.51640625 0.3328125 0.1390625 0.25390625
0 0.10982718467712402 0.5350736618041992 0.218123722076416 0.7277700424194335
0 0.5076833724975586 0.5079441547393799 0.18028106689453124 0.8026240348815918
0 0.7830820083618164 0.5613529682159424 0.18101024627685547 0.7110751152038575
0 0.2649999141693115 0.542756175994873 0.2474146842956543 0.732794189453125
0 0.6027167320251465 0.36015005111694337 0.050367546081542966 0.25391273498535155
0 0.9657831192016602 0.5122536659240723 0.06803436279296875 0.3031728744506836
0 0.7209935188293457 0.4163831233978271 0.10140495300292969 0.4364605903625488
0 0.22456130981445313 0.27214913368225097 0.06950535774230956 0.10935430526733399