1 0.8359375 0.546875 0.04375 0.12578125
1 0.73203125 0.7609375 0.2 0.459375
1 0.3296875 0.64296875 0.1078125 0.3
1 0.19296875 0.66328125 0.19375 0.37265625
1 0.91171875 0.546875 0.084375 0.1625
1 0.46875 0.6875 0.165625 0.4140625
0 0.16818490028381347 0.6555227756500244 0.2564865589141846 0.6883711814880371
0 0.775880765914917 0.666307020187378 0.39004907608032224 0.6656241416931152
0 0.9164155006408692 0.622229528427124 0.10112743377685547 0.44742231369018554
0 0.4591875195503235 0.6645722389221191 0.18881757259368898 0.6704401016235352
0 0.573057746887207 0.6683020472526551 0.13905830383300782 0.6588991403579711
0 0.326960825920105 0.6811651229858399 0.11990032196044922 0.6326175689697265