1 0.471875 0.338281 0.021875 0.054688
1 0.357031 0.404687 0.026562 0.078125
1 0.128125 0.321875 0.025000 0.084375
1 0.267188 0.371875 0.028125 0.075000
1 0.060156 0.350000 0.020313 0.050000
1 0.157031 0.332813 0.026562 0.084375
1 0.910937 0.804688 0.165625 0.378125
1 0.399219 0.334375 0.029687 0.053125
1 0.212500 0.367188 0.028125 0.062500
1 0.187500 0.371094 0.025000 0.067187
1 0.095312 0.334375 0.015625 0.040625
0 0.8954505920410156 0.6792481422424317 0.20732040405273439 0.6379802703857422
0 0.6869440078735352 0.4284787058830261 0.04536418914794922 0.14478304386138915
0 0.3535240888595581 0.4332606315612793 0.045316219329833984 0.19360923767089844