1 0.11171875 0.4953125 0.10546875 0.2875
1 0.88671875 0.4703125 0.17265625 0.27421875
1 0.03828125 0.47734375 0.075 0.296875
1 0.9515625 0.453125 0.096875 0.284375
1 0.721875 0.45390625 0.1515625 0.2453125
1 0.21875 0.47578125 0.165625 0.2890625
1 0.4703125 0.4515625 0.178125 0.25703125
0 0.47257423400878906 0.5818219065666199 0.21843032836914061 0.7262468576431275
0 0.7205108642578125 0.5831775188446044 0.18717727661132813 0.6995261192321778
0 0.03795783221721649 0.5541827321052551 0.07564517855644226 0.6628999471664428
0 0.879698371887207 0.5984889149665833 0.18677978515625 0.7518172979354858
0 0.940155029296875 0.5858492732048035 0.11918125152587891 0.7808599710464478
0 0.2265620231628418 0.5980199813842774 0.23539981842041016 0.7532886505126953
0 0.10912512540817261 0.5828863143920898 0.1009657621383667 0.6698036193847656