1 0.74765625 0.3171875 0.0671875 0.08203125
1 0.67578125 0.34140625 0.0671875 0.08671875
1 0.98046875 0.34765625 0.03828125 0.0890625
1 0.9171875 0.31875 0.06484375 0.0796875
1 0.30390625 0.3453125 0.26171875 0.4828125
1 0.56875 0.3140625 0.1609375 0.19453125
1 0.0796875 0.3296875 0.15859375 0.53359375
0 0.5671623229980469 0.35766143798828126 0.16326637268066407 0.446180534362793
0 0.08120419383049012 0.532154655456543 0.16205741167068483 0.8467697143554688
0 0.9179767608642578 0.34199018478393556 0.06261062622070312 0.20399055480957032
0 0.6742608070373535 0.3615336179733276 0.06436328887939453 0.19457631111145018
0 0.7456798553466797 0.34180688858032227 0.06321048736572266 0.20451116561889648
0 0.3536945104598999 0.4860526084899902 0.3714583873748779 0.9515485763549805
0 0.9781405448913574 0.3594095230102539 0.043227005004882815 0.19662437438964844