1 0.12109375 0.45234375 0.13828125 0.31796875
1 0.50703125 0.3796875 0.09765625 0.246875
1 0.86328125 0.3953125 0.134375 0.240625
1 0.64765625 0.375 0.08828125 0.20078125
1 0.33828125 0.43984375 0.16015625 0.29296875
0 0.84822998046875 0.5152263641357422 0.18658370971679689 0.6855720520019531
0 0.34062900543212893 0.5553870677947998 0.1996633529663086 0.7810603141784668
0 0.6405850887298584 0.4564437747001648 0.11538829803466796 0.5024235010147095
0 0.14173096418380737 0.5978853225708007 0.16011526584625244 0.6986141204833984
0 0.12393536865711212 0.2323066473007202 0.1155765950679779 0.18979687690734864
0 0.4897769927978516 0.5260000705718995 0.14460430145263672 0.6659514427185058