1 0.39921875 0.41171875 0.08203125 0.1625
1 0.1203125 0.353125 0.04765625 0.08125
0 0.2706813097000122 0.578660535812378 0.1960597038269043 0.6916205406188964
0 0.5024417877197266 0.4403999447822571 0.08344354629516601 0.3799834966659546
0 0.404395592212677 0.5055108070373535 0.13034284114837646 0.5384507179260254
0 0.062440937757492064 0.3965086221694946 0.06941298246383668 0.22769007682800294
0 0.12209784686565399 0.3962845802307129 0.06951175332069397 0.2588282585144043
0 0.017297780513763426 0.40250312089920043 0.03459556102752685 0.2267232656478882
0 0.7474123954772949 0.4043854594230652 0.07353792190551758 0.29688704013824463
0 0.6693235397338867 0.4002481460571289 0.059120559692382814 0.27791709899902345
0 0.1717207908630371 0.3929030418395996 0.055647659301757815 0.23759403228759765