1 0.65703125 0.39453125 0.0484375 0.084375
1 0.88515625 0.571875 0.12109375 0.2
1 0.96875 0.5203125 0.06171875 0.20703125
1 0.740625 0.57578125 0.109375 0.1921875
1 0.11796875 0.51875 0.11015625 0.19375
1 0.59296875 0.5671875 0.125 0.21328125
1 0.42890625 0.53984375 0.10390625 0.190625
1 0.2671875 0.54453125 0.11015625 0.196875
0 0.5837175846099854 0.6477037310600281 0.18737516403198243 0.552594780921936
0 0.9576318740844727 0.5821873188018799 0.08424606323242187 0.511481761932373
0 0.2846704006195068 0.6247047901153564 0.1623222827911377 0.5532465934753418
0 0.13393346071243287 0.583270263671875 0.14538886547088622 0.5278144836425781
0 0.7253556251525879 0.6588173866271972 0.15990104675292968 0.512153434753418
0 0.871061897277832 0.6430633664131165 0.15468883514404297 0.5198806524276733
0 0.42633991241455077 0.6050570964813232 0.14242010116577147 0.4993941307067871
0 0.6567888259887695 0.4051424503326416 0.05663738250732422 0.18305578231811523
0 0.8196321487426758 0.4204330563545227 0.07773971557617188 0.21189439296722412