1 0.39609375 0.31171875 0.0328125 0.08125
1 0.209375 0.43203125 0.134375 0.2296875
1 0.90625 0.40625 0.1625 0.22109375
1 0.71875 0.43984375 0.153125 0.28046875
1 0.48359375 0.33359375 0.1359375 0.2515625
0 0.8959671974182128 0.5279331684112549 0.20110702514648438 0.7119366645812988
0 0.7540473937988281 0.5586682796478272 0.3278963088989258 0.7699448585510253
0 0.21613776683807373 0.5666968345642089 0.1776419162750244 0.717463493347168
0 0.03515706956386566 0.5143835186958313 0.07031413912773132 0.30006349086761475
0 0.4022328853607178 0.3600774765014648 0.05959320068359375 0.2558589935302734
0 0.2799196720123291 0.41655588150024414 0.10690689086914062 0.43141899108886717
0 0.4892861366271973 0.4006260871887207 0.16057510375976564 0.5953304290771484
0 0.4807319164276123 0.5007672309875488 0.16921091079711914 0.7578901290893555
0 0.6242594242095947 0.4317887306213379 0.07818193435668945 0.359881591796875