1 0.5140625 0.21015625 0.04140625 0.09453125
1 0.6375 0.2046875 0.03359375 0.06484375
1 0.678125 0.20078125 0.03359375 0.07578125
1 0.47421875 0.20390625 0.0375 0.078125
1 0.0828125 0.225 0.059375 0.10546875
1 0.69375 0.359375 0.0984375 0.19609375
1 0.02421875 0.24140625 0.0484375 0.10546875
1 0.93203125 0.33515625 0.13359375 0.2515625
0 0.902943468093872 0.4115741729736328 0.19411306381225585 0.6540449142456055
0 0.6606893539428711 0.44949703216552733 0.16051292419433594 0.4358386993408203
0 0.08935288786888122 0.27161996364593505 0.0896255612373352 0.28100762367248533
0 0.4334547996520996 0.4201367378234863 0.13092384338378907 0.3635984420776367
0 0.512226915359497 0.23436154723167418 0.05829401016235351 0.20632239580154418
0 0.03373323380947113 0.2847066640853882 0.06746646761894226 0.27147860527038575