1 0.8546875 0.37421875 0.06953125 0.18046875
1 0.090625 0.28828125 0.084375 0.16953125
1 0.76796875 0.37734375 0.0828125 0.21640625
1 0.0484375 0.57265625 0.096875 0.2546875
1 0.9875 0.409375 0.025 0.2359375
1 0.915625 0.36171875 0.06875 0.1796875
1 0.96015625 0.30390625 0.02734375 0.1015625
0 0.4217060923576355 0.3997166395187378 0.16363241672515869 0.6197203159332275
0 0.2738373696804047 0.4330625534057617 0.15573130846023558 0.5528175354003906
0 0.7795234203338623 0.44668149948120117 0.11303148269653321 0.5204329490661621
0 0.8646333694458008 0.44355049133300783 0.11383934020996093 0.45726547241210935
0 0.05050625801086426 0.5240416646003723 0.10101251602172852 0.36610276699066163
0 0.5987722396850585 0.410188090801239 0.1628326416015625 0.5919832468032837
0 0.0900094211101532 0.36956522464752195 0.1063658356666565 0.4791263103485107
0 0.8955686569213868 0.06660288572311401 0.07594928741455079 0.12888715267181397
0 0.6950861930847168 0.42415642738342285 0.19303398132324218 0.562801742553711