1 0.9375 0.578125 0.125 0.37578125
1 0.2234375 0.51953125 0.1828125 0.21953125
1 0.6203125 0.46875 0.15859375 0.209375
1 0.4125 0.58671875 0.2671875 0.33046875
0 0.8725875854492188 0.44106831550598147 0.1267059326171875 0.3460989952087402
0 0.6180985450744629 0.4635313510894775 0.14420833587646484 0.3504208564758301
0 0.7352524757385254 0.30398383140563967 0.04713649749755859 0.1595770835876465
0 0.3633125364780426 0.6491307258605957 0.39941881895065307 0.7017385482788085
0 0.21838955879211425 0.49100594520568847 0.20045242309570313 0.30794248580932615
0 0.12227412462234497 0.42031221389770507 0.051635146141052246 0.15138769149780273
0 0.7685636520385742 0.30677080154418945 0.03946237564086914 0.14245014190673827
0 0.6732361793518067 0.3495039463043213 0.08725624084472657 0.11007356643676758