1 0.6984375 0.3734375 0.11640625 0.21875
1 0.34921875 0.4390625 0.06796875 0.146875
1 0.5828125 0.365625 0.09140625 0.2640625
1 0.48671875 0.32109375 0.1203125 0.28828125
1 0.215625 0.42421875 0.075 0.146875
0 0.21796023845672607 0.5040468692779541 0.13798785209655762 0.4669475555419922
0 0.0977169156074524 0.5262833118438721 0.06505951881408692 0.22130632400512695
0 0.029120287299156188 0.5249793052673339 0.05742188096046448 0.2131669044494629
0 0.7279011249542237 0.4848816394805908 0.18002443313598632 0.6350056648254394
0 0.3434755802154541 0.5078177928924561 0.10183296203613282 0.4180180549621582
0 0.8297484397888184 0.5053932070732117 0.19027462005615234 0.5842025995254516
0 0.5048605799674988 0.46995010375976565 0.2724416971206665 0.8720195770263672