1 0.13984375 0.675 0.065625 0.1125
1 0.1375 0.51015625 0.071875 0.1375
1 0.803125 0.48046875 0.0609375 0.10234375
1 0.7328125 0.63828125 0.059375 0.12265625
1 0.54453125 0.48515625 0.046875 0.12109375
1 0.909375 0.68203125 0.059375 0.15625
1 0.87265625 0.48046875 0.059375 0.11875
1 0.6703125 0.465625 0.0625 0.11875
1 0.934375 0.503125 0.05859375 0.12734375
1 0.82734375 0.66953125 0.084375 0.15625
1 0.084375 0.40078125 0.06640625 0.17734375
1 0.59140625 0.47109375 0.05546875 0.12109375
0 0.1310127019882202 0.6821713924407959 0.09943432807922363 0.2412949562072754
0 0.06756519079208374 0.4780783176422119 0.13513038158416749 0.4688298225402832
0 0.7315693855285644 0.63907470703125 0.07354202270507812 0.2422760009765625
0 0.9159187316894531 0.6745354652404785 0.10411643981933594 0.27124271392822263
0 0.8252127647399903 0.6560320854187012 0.09666213989257813 0.27881546020507814
0 0.21755052208900452 0.6707152366638184 0.08782223463058472 0.2207930564880371