1 0.087500 0.400781 0.025000 0.085938
1 0.484375 0.489063 0.040625 0.134375
1 0.601562 0.576562 0.065625 0.096875
1 0.379688 0.484375 0.040625 0.109375
1 0.334375 0.796094 0.087500 0.132812
1 0.681250 0.857812 0.121875 0.212500
0 0.6996353149414063 0.8226730346679687 0.16927633285522461 0.3538787841796875
0 0.3189061641693115 0.8194828987121582 0.12995290756225586 0.18109550476074218
0 0.3778849124908447 0.5377929210662842 0.06635265350341797 0.31108598709106444
0 0.48113441467285156 0.5411349773406983 0.06104297637939453 0.35548877716064453
0 0.6124595165252685 0.6560714721679688 0.09290113449096679 0.23985233306884765
0 0.8580154418945313 0.44230036735534667 0.04982337951660156 0.2557117462158203