1 0.89609375 0.51796875 0.065625 0.17734375
1 0.7 0.64375 0.1859375 0.53046875
1 0.21015625 0.68125 0.22890625 0.6015625
1 0.04296875 0.74765625 0.0828125 0.5
1 0.41328125 0.63046875 0.153125 0.44921875
0 0.20651004314422608 0.5725217819213867 0.27587385177612306 0.8483833312988281
0 0.7067059516906739 0.5598667144775391 0.30222835540771487 0.8799144744873046
0 0.4134586453437805 0.5821652412414551 0.1715453863143921 0.8174604415893555
0 0.9208855628967285 0.5826791763305664 0.15778560638427735 0.8346416473388671
0 0.5702127456665039 0.6153189778327942 0.16718578338623047 0.7550201177597046
0 0.9420683860778809 0.6105803489685059 0.11551094055175781 0.7788393020629882