1 0.67578125 0.42734375 0.0484375 0.06484375
1 0.77265625 0.39609375 0.0453125 0.06953125
1 0.3390625 0.58046875 0.0625 0.09609375
1 0.41796875 0.56171875 0.0625 0.09609375
1 0.4984375 0.5640625 0.07421875 0.10625
1 0.6046875 0.54375 0.084375 0.11796875
0 0.5134662628173828 0.616508674621582 0.10342063903808593 0.29714221954345704
0 0.6024757385253906 0.5952520370483398 0.09035987854003906 0.3102449417114258
0 0.4251043200492859 0.5963308334350585 0.08706190586090087 0.24319610595703126
0 0.33917534351348877 0.6101315498352051 0.05990633964538574 0.2348562240600586
0 0.7695650100708008 0.4204137325286865 0.04582271575927734 0.1523956298828125
0 0.7236530303955078 0.43206175565719607 0.05149974822998047 0.1464163064956665
0 0.6805768013000488 0.4492135524749756 0.05654592514038086 0.15507831573486328