1 0.471875 0.485938 0.087500 0.215625
1 0.539062 0.493750 0.087500 0.225000
0 0.05627498626708984 0.5783266544342041 0.11252570152282715 0.5478037834167481
0 0.13187345266342163 0.7182807922363281 0.07727956771850586 0.29262866973876955
0 0.025328975915908814 0.6963612556457519 0.05065795183181763 0.38648281097412107
0 0.39668989181518555 0.3968860626220703 0.046668624877929686 0.15122051239013673
0 0.14105292558670043 0.17025182545185089 0.04555199146270752 0.17178487181663513
0 0.044854915142059325 0.08947991132736206 0.035882759094238284 0.17409021854400636
0 0.47096662521362304 0.5753299713134765 0.08559637069702149 0.5291730880737304
0 0.14990572929382323 0.6050471305847168 0.0701138973236084 0.4906913757324219
0 0.3733691215515137 0.17623353004455566 0.05457773208618164 0.20259833335876465