1 0.424219 0.410938 0.073438 0.228125
1 0.917188 0.407813 0.137500 0.346875
1 0.067969 0.442969 0.101562 0.273438
1 0.532813 0.394531 0.106250 0.264062
1 0.278125 0.608594 0.178125 0.507812
1 0.720313 0.621875 0.209375 0.609375
0 0.28124794363975525 0.6148913860321045 0.19684067964553834 0.7649703025817871
0 0.9057453155517579 0.5307091236114502 0.17945480346679688 0.9143645286560058
0 0.17177419662475585 0.576070499420166 0.09528079032897949 0.6315986633300781
0 0.06284441947937011 0.5717315554618836 0.12459988594055176 0.7714824914932251
0 0.6869853973388672 0.5462593078613281 0.2271099090576172 0.9015426635742188
0 0.8048434257507324 0.5557724952697753 0.11142044067382813 0.7559389114379883
0 0.8046443939208985 0.43913998603820803 0.11036090850830078 0.5245011329650879