1 0.2671875 0.4375 0.0578125 0.08203125
1 0.57109375 0.43359375 0.06953125 0.07421875
1 0.78125 0.46875 0.08671875 0.1109375
1 0.46171875 0.4796875 0.0765625 0.1078125
1 0.88203125 0.48671875 0.08671875 0.1078125
1 0.665625 0.47734375 0.09140625 0.11328125
1 0.071875 0.4859375 0.125 0.15390625
0 0.8958327293395996 0.5172869682312011 0.1520610809326172 0.26098880767822263
0 0.07740371227264405 0.5549771308898925 0.1548074245452881 0.4019323348999023
0 0.47516260147094724 0.5159797191619873 0.1324068069458008 0.26964807510375977
0 0.7882242202758789 0.5141523838043213 0.11129207611083984 0.2760292053222656
0 0.25958962440490724 0.4606070637702942 0.06492385864257813 0.21074330806732178
0 0.17061032056808473 0.49176939725875857 0.10825998783111572 0.26733973026275637
0 0.6672585010528564 0.5191308498382569 0.08417720794677734 0.2664661407470703
0 0.31204259395599365 0.46329188346862793 0.06441273689270019 0.2023021697998047
0 0.19080913066864014 0.4560739994049072 0.05320310592651367 0.19439496994018554