1 0.4046875 0.20078125 0.15625 0.18515625
1 0.36875 0.79765625 0.1296875 0.13671875
1 0.3921875 0.53359375 0.16328125 0.16015625
0 0.7058023452758789 0.45682746171951294 0.25216236114501955 0.31289422512054443
0 0.19233336448669433 0.47486104965209963 0.3432899475097656 0.2811629295349121
0 0.1465916872024536 0.1501142382621765 0.20650391578674315 0.28217875957489014
0 0.5581031322479248 0.16681710481643677 0.16514358520507813 0.2543813467025757
0 0.8815512657165527 0.4800793766975403 0.16643638610839845 0.26828038692474365
0 0.4830122828483582 0.8091483116149902 0.18540194034576415 0.30529060363769533
0 0.7131985664367676 0.15298222303390502 0.18263893127441405 0.28129384517669676
0 0.9124561309814453 0.812256145477295 0.16718521118164062 0.30149002075195314
0 0.3669567584991455 0.8017549753189087 0.14083623886108398 0.317750883102417
0 0.3837385654449463 0.4806366801261902 0.19407739639282226 0.2672952890396118
0 0.6798450469970703 0.797512435913086 0.1532266616821289 0.3289951324462891
0 0.12294387817382812 0.8017476081848145 0.19666380882263185 0.3187719345092773
0 0.2807988405227661 0.17923314571380616 0.2209184169769287 0.2262192726135254
0 0.8702104330062866 0.16455426216125488 0.1726891040802002 0.25821552276611326
0 0.7903186798095703 0.8230919122695923 0.19585914611816407 0.27988924980163576
0 0.40648846626281737 0.14945755004882813 0.1663797378540039 0.28489370346069337
0 0.2363748550415039 0.8035476446151734 0.1404792308807373 0.3107441425323486
0 0.5914338588714599 0.8086499214172364 0.08444061279296874 0.29993762969970705
0 0.5413411140441895 0.4841307520866394 0.13631210327148438 0.26325991153717043