1 0.24921875 0.46171875 0.03046875 0.06328125
1 0.609375 0.21171875 0.025 0.04765625
1 0.81328125 0.4078125 0.02109375 0.053125
1 0.53515625 0.68359375 0.03046875 0.059375
1 0.2671875 0.55546875 0.04765625 0.0703125
1 0.7671875 0.31796875 0.0234375 0.04609375
1 0.47265625 0.4421875 0.03046875 0.05546875
1 0.415625 0.6265625 0.04921875 0.04921875
1 0.96953125 0.54765625 0.04609375 0.08203125
1 0.5015625 0.553125 0.03671875 0.08359375
1 0.60390625 0.2109375 0.04375 0.078125
1 0.60546875 0.1796875 0.00234375 0.01796875
0 0.2702622890472412 0.5754141807556152 0.06494970321655273 0.16441707611083983
0 0.162865149974823 0.29497079849243163 0.07961609363555908 0.17672405242919922
0 0.18509910106658936 0.4371758460998535 0.05777201652526855 0.1995697021484375