1 0.64375 0.2515625 0.08359375 0.10078125
1 0.65390625 0.66875 0.1015625 0.1328125
1 0.2015625 0.63828125 0.12578125 0.16171875
1 0.4109375 0.40078125 0.090625 0.11484375
1 0.12265625 0.184375 0.096875 0.1328125
0 0.8588937759399414 0.728710126876831 0.20912532806396483 0.4956521034240723
0 0.19252783060073853 0.6915200710296631 0.2124988317489624 0.5222064018249511
0 0.6629354953765869 0.29814258217811584 0.14215803146362305 0.3366643786430359
0 0.8438945531845092 0.24004092812538147 0.21306805610656737 0.3613068461418152
0 0.6282938957214356 0.7239958763122558 0.21005859375 0.5118547439575195
0 0.4168748378753662 0.4420760631561279 0.24218339920043946 0.4181605339050293
0 0.11947940587997437 0.2263795852661133 0.16332132816314698 0.4227617263793945