1 0.4984375 0.4421875 0.0359375 0.040625
1 0.625 0.440625 0.0578125 0.0578125
1 0.14296875 0.46015625 0.06484375 0.08203125
1 0.2859375 0.41796875 0.0765625 0.09375
1 0.53828125 0.4484375 0.0484375 0.0625
1 0.6234375 0.50859375 0.11328125 0.1015625
1 0.86640625 0.4890625 0.17578125 0.20703125
0 0.6003292083740235 0.5691984176635743 0.17938270568847656 0.2507162094116211
0 0.28616900444030763 0.4423964023590088 0.08223142623901367 0.20984249114990233
0 0.8602719306945801 0.6567795276641846 0.17747077941894532 0.6864409446716309
0 0.5343478202819825 0.47877044677734376 0.049457359313964847 0.1398487091064453
0 0.4947396755218506 0.4683843612670898 0.03720922470092773 0.11909523010253906
0 0.43292832374572754 0.45786046981811523 0.028330516815185548 0.08861560821533203