1 0.43046875 0.43515625 0.0671875 0.0765625
1 0.2171875 0.4703125 0.084375 0.11328125
1 0.540625 0.47578125 0.0765625 0.10546875
1 0.12109375 0.48671875 0.084375 0.1078125
1 0.3328125 0.478125 0.09375 0.1109375
1 0.93046875 0.48828125 0.1203125 0.15859375
0 0.9360512733459473 0.5574490547180175 0.1274171829223633 0.39577388763427734
0 0.5228472232818604 0.5145905971527099 0.1329549789428711 0.27071247100830076
0 0.1068915843963623 0.518239414691925 0.15420985221862793 0.25831124782562254
0 0.21269498467445375 0.5143027305603027 0.10553654432296752 0.27517127990722656
0 0.7391341686248779 0.46165642738342283 0.06575040817260742 0.21181278228759765
0 0.8312883377075195 0.4933769106864929 0.11201896667480468 0.2705974817276001
0 0.6846671104431152 0.4635579586029053 0.0680394172668457 0.2007147789001465
0 0.33109302520751954 0.5263225555419921 0.11051864624023437 0.25138111114501954