1 0.415625 0.528125 0.140625 0.28671875
1 0.153125 0.4265625 0.08515625 0.1640625
1 0.06796875 0.35234375 0.07890625 0.1
1 0.2265625 0.50234375 0.12578125 0.20859375
1 0.71640625 0.3734375 0.090625 0.16015625
1 0.88515625 0.37890625 0.090625 0.17109375
1 0.6125 0.73984375 0.22890625 0.35546875
1 0.9609375 0.45234375 0.078125 0.1921875
0 0.3896384954452515 0.688309907913208 0.29262757301330566 0.5332629203796386
0 0.6211398124694825 0.6868354797363281 0.24337348937988282 0.6074758529663086
0 0.7952374935150146 0.3345006465911865 0.12155656814575196 0.23826131820678711
0 0.40918798446655275 0.5167410373687744 0.1313155174255371 0.49065332412719725
0 0.7195257186889649 0.45501879453659055 0.08044376373291015 0.4367737054824829
0 0.9605942726135254 0.5596659660339356 0.07845191955566407 0.5723806381225586
0 0.8869626998901368 0.34568238258361816 0.09128913879394532 0.23540353775024414