1 0.135156 0.473438 0.032813 0.071875
1 0.613281 0.491406 0.064062 0.073438
1 0.817187 0.472656 0.075000 0.114062
1 0.028125 0.474219 0.050000 0.085938
1 0.427344 0.497656 0.082812 0.154688
0 0.03432888686656952 0.5111666798591614 0.06865777373313904 0.23681180477142333
0 0.4495561718940735 0.5739236950874329 0.12172620296478272 0.41962945461273193
0 0.6962428569793702 0.513914680480957 0.08254194259643555 0.2806293487548828
0 0.8234689712524415 0.5454750180244445 0.09535961151123047 0.33883836269378664
0 0.616226053237915 0.5268651485443115 0.08616905212402344 0.19423608779907225
0 0.5032232761383056 0.5204054951667786 0.07934255599975586 0.28461129665374757
0 0.13628671169281006 0.4887892723083496 0.040570831298828124 0.1692943572998047
0 0.35319950580596926 0.5493804931640625 0.07232913970947266 0.13294429779052735