1 0.43359375 0.41953125 0.1140625 0.17578125
1 0.7703125 0.3953125 0.16484375 0.33515625
1 0.9296875 0.40546875 0.1390625 0.3125
1 0.1125 0.390625 0.22265625 0.33515625
0 0.2999415874481201 0.5780713081359863 0.20008649826049804 0.8438573837280273
0 0.10873380899429322 0.5378898620605469 0.20878875255584717 0.9242202758789062
0 0.7737152576446533 0.5912392616271973 0.17630243301391602 0.8057933807373047
0 0.484550940990448 0.6728356838226318 0.2284607172012329 0.6394848823547363
0 0.4529329419136047 0.39796497821807864 0.1541980504989624 0.30628437995910646
0 0.9113079071044922 0.5617578983306885 0.17633705139160155 0.8739914894104004
0 0.48473185300827026 0.4747746467590332 0.22094442844390869 0.23734474182128906