1 0.9828125 0.6078125 0.034375 0.17734375
1 0.421875 0.64453125 0.07578125 0.29765625
1 0.671875 0.64296875 0.11171875 0.30625
1 0.52578125 0.67890625 0.16015625 0.390625
1 0.80703125 0.6625 0.19765625 0.38125
1 0.08984375 0.546875 0.084375 0.16796875
1 0.27265625 0.796875 0.2140625 0.40625
0 0.8331664085388184 0.6533091068267822 0.2553743362426758 0.6901843070983886
0 0.2217651426792145 0.6648080348968506 0.36123999357223513 0.667424488067627
0 0.08313841819763183 0.6228478431701661 0.10453014373779297 0.4561939239501953
0 0.5406806945800782 0.660488510131836 0.18935031890869142 0.6765182495117188
0 0.4258918762207031 0.6691397666931153 0.1310718536376953 0.6541479110717774