1 0.7359375 0.60390625 0.09375 0.11953125
1 0.06796875 0.5640625 0.0625 0.11484375
1 0.25078125 0.56796875 0.07109375 0.13203125
1 0.859375 0.60234375 0.09609375 0.17890625
1 0.609375 0.57421875 0.0921875 0.1875
1 0.434375 0.534375 0.0953125 0.1828125
0 0.8800432205200195 0.6615647792816162 0.1453472137451172 0.441831111907959
0 0.6178146362304687 0.654256534576416 0.13100013732910157 0.5063835144042969
0 0.42932758331298826 0.635430383682251 0.10998144149780273 0.515351390838623
0 0.06877019256353378 0.589784574508667 0.06558368504047393 0.2512825965881348
0 0.2516036033630371 0.6285342693328857 0.08207311630249023 0.36697702407836913
0 0.7474950313568115 0.6648259162902832 0.1285954475402832 0.2765659332275391