1 0.2703125 0.5203125 0.084375 0.11328125
1 0.58671875 0.5453125 0.10546875 0.1296875
1 0.40625 0.5171875 0.09140625 0.134375
1 0.13125 0.53515625 0.09375 0.13671875
1 0.74375 0.55546875 0.13203125 0.1875
0 0.4100241780281067 0.5683272480964661 0.12478940486907959 0.38195817470550536
0 0.13877549171447753 0.5701205253601074 0.14684858322143554 0.33343982696533203
0 0.2740811347961426 0.5912917613983154 0.13116512298583985 0.38665075302124025
0 0.7389297485351562 0.6793704986572265 0.18955535888671876 0.6150115966796875
0 0.05910010933876038 0.5186820030212402 0.05674302577972412 0.17670917510986328
0 0.5875917434692383 0.5972157955169678 0.13284873962402344 0.3726853370666504
0 0.5189846515655517 0.5408730506896973 0.08261613845825196 0.3275442123413086
0 0.3363905906677246 0.5529353141784668 0.05673346519470215 0.2982017517089844
0 0.475850772857666 0.536823570728302 0.06001968383789062 0.29786908626556396
0 0.677884578704834 0.5453103184700012 0.09798202514648438 0.44410321712493894