1 0.790625 0.484375 0.08125 0.2578125
1 0.709375 0.5203125 0.1046875 0.23671875
1 0.0875 0.47890625 0.11875 0.23046875
1 0.44453125 0.58828125 0.2078125 0.434375
0 0.4529401779174805 0.5915956974029541 0.3157809257507324 0.8095625877380371
0 0.08530398011207581 0.615286362171173 0.13602591753005983 0.675356650352478
0 0.720102596282959 0.621937096118927 0.1730663299560547 0.6448364019393921
0 0.7859851837158203 0.5991097450256347 0.13564643859863282 0.6643880844116211
0 0.8684723854064942 0.7337897300720215 0.1352792739868164 0.5313982009887696
0 0.5952157974243164 0.6513454914093018 0.1548755645751953 0.6844710350036621
0 0.9737099170684814 0.7238740444183349 0.05258016586303711 0.5475152015686036
0 0.9624078750610352 0.7053846836090087 0.07483062744140626 0.5578539848327637