1 0.465625 0.4734375 0.1203125 0.12578125
1 0.2703125 0.4203125 0.06796875 0.134375
1 0.46328125 0.33359375 0.10234375 0.15234375
1 0.61328125 0.33515625 0.10625 0.19765625
1 0.9421875 0.5984375 0.115625 0.3953125
0 0.621375322341919 0.4235695004463196 0.15333614349365235 0.5020076513290406
0 0.46565885543823243 0.3091637372970581 0.11091670989990235 0.26087498664855957
0 0.79715576171875 0.5781342506408691 0.4042497634887695 0.8158409118652343
0 0.265381908416748 0.410932731628418 0.08344144821166992 0.22408905029296874
0 0.8586483240127564 0.49173436164855955 0.28181872367858884 0.971220874786377
0 0.4483952045440674 0.5113554000854492 0.25890817642211916 0.29119091033935546
0 0.7564933776855469 0.42337765693664553 0.0711599349975586 0.1847980499267578