1 0.468750 0.600000 0.031250 0.096875
1 0.500781 0.596875 0.042188 0.125000
1 0.068750 0.617188 0.031250 0.081250
1 0.102344 0.624219 0.029687 0.070312
0 0.9614277839660644 0.7497192859649658 0.07658920288085938 0.4971367835998535
0 0.48926639556884766 0.6718814849853516 0.0805398941040039 0.3506916046142578
0 0.5595054626464844 0.6155797481536865 0.04461650848388672 0.21407413482666016
0 0.740794563293457 0.6108545780181884 0.045899581909179685 0.177994441986084
0 0.668405294418335 0.6100462913513184 0.051702022552490234 0.2059783935546875
0 0.03734184801578522 0.5870649814605713 0.047877413034439084 0.14344387054443358
0 0.6202102661132812 0.6049058914184571 0.05125236511230469 0.22639751434326172