1 0.29296875 0.5015625 0.071875 0.08203125
1 0.61640625 0.51953125 0.07421875 0.0984375
1 0.35078125 0.5171875 0.0671875 0.10390625
1 0.48671875 0.52890625 0.09375 0.12734375
1 0.7296875 0.51171875 0.0796875 0.11328125
1 0.87890625 0.53984375 0.103125 0.13515625
0 0.7304727554321289 0.5606987953186036 0.08253068923950195 0.30171947479248046
0 0.6142289161682128 0.5495519638061523 0.07960615158081055 0.2358114242553711
0 0.4914084434509277 0.5733139514923096 0.10094375610351562 0.3160201072692871
0 0.871702766418457 0.5833338737487793 0.13594894409179686 0.3278219223022461
0 0.35264461040496825 0.5522649765014649 0.08191957473754882 0.24912376403808595
0 0.2895655632019043 0.5297027587890625 0.0756307601928711 0.20274581909179687