1 0.4625 0.47109375 0.0296875 0.06484375
1 0.5265625 0.4375 0.0375 0.07265625
0 0.7066392421722412 0.8819875955581665 0.09635648727416993 0.21770434379577636
0 0.5999680519104004 0.8783926963806152 0.09269886016845703 0.2113443374633789
0 0.4646160125732422 0.6057593822479248 0.07163105010986329 0.24203844070434571
0 0.25985877513885497 0.6926192283630371 0.08500704765319825 0.1497865676879883
0 0.5564053535461426 0.5721993446350098 0.06416053771972656 0.2319615364074707
0 0.8496427774429322 0.85698983669281 0.11012835502624511 0.19581189155578613
0 0.3238822460174561 0.5863401412963867 0.08032960891723633 0.2987949371337891
0 0.17715240716934205 0.6952557563781738 0.0777965784072876 0.13907432556152344
0 0.7727487564086915 0.3567410230636597 0.06703720092773438 0.10581135749816895