1 0.190625 0.47890625 0.09921875 0.22890625
1 0.3859375 0.67578125 0.1359375 0.265625
1 0.06796875 0.46484375 0.12109375 0.1875
1 0.7984375 0.5421875 0.21171875 0.36171875
1 0.4828125 0.5625 0.0875 0.23125
1 0.2734375 0.54609375 0.09296875 0.296875
0 0.7926179885864257 0.576688289642334 0.23094463348388672 0.8438154220581054
0 0.3755176067352295 0.6745882511138916 0.16303892135620118 0.6484328269958496
0 0.08145362138748169 0.5165994167327881 0.15779964923858641 0.48625030517578127
0 0.20188620090484619 0.5099529266357422 0.1556821346282959 0.5158379554748536
0 0.48259315490722654 0.5881511211395264 0.09405536651611328 0.4576556205749512