1 0.32109375 0.64375 0.0359375 0.053125
1 0.69609375 0.9734375 0.05546875 0.053125
1 0.60703125 0.6953125 0.07421875 0.06953125
1 0.453125 0.65390625 0.06484375 0.0984375
1 0.83203125 0.67109375 0.0765625 0.11796875
1 0.37890625 0.6890625 0.07421875 0.08671875
1 0.69140625 0.66953125 0.07421875 0.10625
1 0.24609375 0.6828125 0.06484375 0.084375
1 0.76796875 0.65625 0.06015625 0.0796875
0 0.7687152862548828 0.6899560451507568 0.07220802307128907 0.22244272232055665
0 0.46044058799743653 0.6770328521728516 0.06303300857543945 0.2094930648803711
0 0.821735954284668 0.7858567714691163 0.09104423522949219 0.41837663650512696