1 0.846875 0.7 0.10703125 0.30703125
1 0.43671875 0.371875 0.128125 0.1359375
1 0.69765625 0.7640625 0.13515625 0.3484375
0 0.42789851427078246 0.7792474746704101 0.18499562740325928 0.4400760650634766
0 0.03649899065494537 0.8737277030944824 0.07299798130989074 0.2516275405883789
0 0.7636592388153076 0.2683045148849487 0.17493314743041993 0.5363560199737549
0 0.5863263607025146 0.21538150310516357 0.19629888534545897 0.3637723922729492
0 0.1670926809310913 0.3324594259262085 0.23146567344665528 0.6623070240020752
0 0.19421708583831787 0.8050954818725586 0.24087414741516114 0.388673210144043
0 0.4313895344734192 0.3009178876876831 0.2060260534286499 0.27675662040710447
0 0.28961777687072754 0.12653944492340088 0.12670536041259767 0.2528430461883545