1 0.93125 0.56484375 0.0609375 0.12109375
1 0.7484375 0.5671875 0.06640625 0.1296875
1 0.1390625 0.6 0.1046875 0.17890625
1 0.565625 0.53046875 0.09921875 0.18515625
1 0.38984375 0.57421875 0.09609375 0.1875
0 0.11976017951965331 0.660516357421875 0.14258062839508057 0.4283414840698242
0 0.5698700904846191 0.6352761745452881 0.10925674438476562 0.5200009346008301
0 0.931186294555664 0.5914882183074951 0.0640533447265625 0.25233612060546873
0 0.3774517297744751 0.6542869567871094 0.12287945747375488 0.503078842163086
0 0.25273223519325255 0.6648179531097412 0.13134907484054564 0.2805771827697754
0 0.7489720344543457 0.630589485168457 0.08000450134277344 0.3669778823852539