1 0.566406 0.448437 0.035937 0.037500
1 0.503906 0.443750 0.035937 0.043750
1 0.368750 0.439844 0.056250 0.054688
1 0.368750 0.508594 0.118750 0.101562
1 0.464062 0.449219 0.043750 0.060937
1 0.711719 0.421875 0.076563 0.100000
1 0.856250 0.461719 0.062500 0.079687
1 0.126562 0.489063 0.175000 0.212500
0 0.71354079246521 0.4401873588562012 0.07918615341186523 0.2070680618286133
0 0.13987900018692018 0.6578295230865479 0.17688748836517335 0.6843409538269043
0 0.46697330474853516 0.47246518135070803 0.04824562072753906 0.1465597152709961
0 0.40123276710510253 0.5637050628662109 0.17164573669433594 0.2532960891723633
0 0.5038554191589355 0.4590939521789551 0.03648719787597656 0.10144615173339844
0 0.8540767669677735 0.48501172065734866 0.05747833251953125 0.1480708122253418