1 0.1078125 0.425 0.01640625 0.03671875
1 0.0890625 0.44453125 0.0171875 0.05
1 0.19453125 0.50703125 0.03125 0.12890625
1 0.74921875 0.46328125 0.06171875 0.13359375
1 0.94296875 0.52109375 0.09375 0.13984375
1 0.29140625 0.51953125 0.05625 0.16484375
1 0.1171875 0.56796875 0.0765625 0.16796875
1 0.23515625 0.51953125 0.04296875 0.13125
1 0.77578125 0.665625 0.0703125 0.19296875
0 0.5241284370422363 0.5392284870147706 0.11188201904296875 0.456195068359375
0 0.6217206001281739 0.5621065258979797 0.09983253479003906 0.4155187368392944
0 0.9216484069824219 0.5985603332519531 0.13860816955566407 0.3434438705444336
0 0.12988134622573852 0.13275332152843475 0.06349689960479736 0.11730695366859437
0 0.3714604377746582 0.5587919235229493 0.1427541732788086 0.42302742004394533
0 0.7897573947906494 0.634737205505371 0.09722490310668945 0.27266693115234375
0 0.286572265625 0.5613138675689697 0.07270712852478027 0.3595973014831543
0 0.10496156215667725 0.6093554973602295 0.17593441009521485 0.31983366012573244
0 0.23106729984283447 0.56788649559021 0.07857861518859863 0.33849620819091797
0 0.7485647201538086 0.5339589595794678 0.07477169036865235 0.37071638107299804
0 0.407139253616333 0.48856453895568847 0.11168527603149414 0.32486715316772463
0 0.6898133277893066 0.5375546455383301 0.06658611297607422 0.37291316986083983