1 0.29375 0.46875 0.06015625 0.12578125
1 0.3703125 0.44453125 0.07578125 0.16796875
0 0.705141544342041 0.585625410079956 0.12336063385009766 0.6068888664245605
0 0.36942276954650877 0.46706299781799315 0.09749155044555664 0.36627969741821287
0 0.24094043374061586 0.733611011505127 0.13403109312057496 0.3450143814086914
0 0.29713048934936526 0.5074530720710755 0.07020320892333984 0.3440171957015991
0 0.5090853691101074 0.4607825756072998 0.06531944274902343 0.23552255630493163
0 0.5751550674438477 0.7475106239318847 0.11059837341308594 0.3496540069580078
0 0.4729762077331543 0.7262043952941895 0.1087005615234375 0.3404693603515625
0 0.5775224685668945 0.45145503282546995 0.06315155029296875 0.2339244604110718
0 0.36437392234802246 0.7419490337371826 0.13068227767944335 0.3471091270446777