1 0.2953125 0.48359375 0.0421875 0.090625
1 0.69609375 0.371875 0.115625 0.21875
1 0.10078125 0.49296875 0.03828125 0.0703125
1 0.028125 0.48515625 0.0359375 0.07265625
1 0.34921875 0.4375 0.065625 0.14296875
1 0.58203125 0.3640625 0.08984375 0.26796875
1 0.48515625 0.3203125 0.12109375 0.28984375
1 0.215625 0.4203125 0.07421875 0.14453125
0 0.21487403512001038 0.5041810512542725 0.14063280820846558 0.4688918113708496
0 0.09770436882972718 0.5268484592437744 0.06581066846847534 0.2207484245300293
0 0.028793737292289734 0.5254451751708984 0.05758747458457947 0.2117525100708008
0 0.7303167819976807 0.4823955655097961 0.18288869857788087 0.6396543264389039
0 0.3450438976287842 0.510220730304718 0.09917011260986328 0.41533963680267333
0 0.8338932037353516 0.5057113766670227 0.17570152282714843 0.5835443258285522
0 0.505288028717041 0.4680789470672607 0.2740490913391113 0.8823790550231934