1 0.635156 0.693750 0.042188 0.078125
1 0.861719 0.721875 0.029687 0.043750
1 0.976562 0.722656 0.034375 0.051562
1 0.710938 0.511719 0.068750 0.098437
1 0.460938 0.548438 0.071875 0.134375
1 0.047656 0.360156 0.067187 0.139063
1 0.395313 0.722656 0.056250 0.110937
0 0.4526211738586426 0.5867692947387695 0.11345701217651367 0.29605979919433595
0 0.050915259122848514 0.41088582277297975 0.09755456447601318 0.3307605504989624
0 0.3825217723846436 0.7734886169433594 0.08200225830078126 0.30303153991699217
0 0.9734458923339844 0.7082438945770264 0.047406768798828124 0.09139089584350586
0 0.8648123741149902 0.6989212989807129 0.04725780487060547 0.09078617095947265
0 0.6224284172058105 0.7692541122436524 0.08035850524902344 0.3089937210083008