1 0.307031 0.761719 0.189062 0.423438
1 0.088281 0.750781 0.173437 0.492188
1 0.917969 0.339062 0.164062 0.390625
1 0.561719 0.823438 0.279687 0.353125
0 0.9097442626953125 0.6934553980827332 0.1785877227783203 0.60645010471344
0 0.5604716777801514 0.710952615737915 0.27723541259765627 0.5774947166442871
0 0.7184190273284912 0.598496675491333 0.24110727310180663 0.7943512916564941
0 0.9064140319824219 0.38346750736236573 0.18578166961669923 0.7451772212982177
0 0.32682859897613525 0.6309901237487793 0.23648810386657715 0.7380197525024415
0 0.44131137132644654 0.3895744562149048 0.2336078405380249 0.691910982131958
0 0.7513154029846192 0.2500145435333252 0.1749279022216797 0.4984133720397949
0 0.10938774347305298 0.5950657367706299 0.21877548694610596 0.8060467720031739
0 0.5238255500793457 0.2792338848114014 0.12346611022949219 0.30510845184326174