1 0.53515625 0.475 0.153125 0.26484375
1 0.14375 0.4 0.15546875 0.246875
1 0.6546875 0.4421875 0.11953125 0.25
1 0.84921875 0.41484375 0.159375 0.23984375
1 0.29921875 0.4515625 0.146875 0.2390625
0 0.8395318984985352 0.531064224243164 0.206689453125 0.6580110549926758
0 0.30313901901245116 0.527479374408722 0.17337236404418946 0.6332324743270874
0 0.144258713722229 0.49663610458374025 0.17128949165344237 0.6850914001464844
0 0.6587226867675782 0.5094832897186279 0.15133438110351563 0.613400936126709
0 0.4265596866607666 0.5593208789825439 0.11509780883789063 0.5560667991638184
0 0.5312962532043457 0.554425048828125 0.15081653594970704 0.6761249542236328