1 0.86796875 0.47109375 0.13515625 0.3203125
1 0.72578125 0.4140625 0.12109375 0.27109375
1 0.45625 0.39140625 0.10859375 0.24296875
1 0.2015625 0.41875 0.1140625 0.24453125
1 0.578125 0.43515625 0.1265625 0.253125
1 0.33046875 0.45 0.11484375 0.24765625
0 0.20205708146095275 0.5474345207214355 0.16028183698654175 0.7016731262207031
0 0.3377056360244751 0.5498038768768311 0.13997092247009277 0.6548800468444824
0 0.7247267246246338 0.5232640743255615 0.1623103141784668 0.720877742767334
0 0.5760169982910156 0.541442584991455 0.15683746337890625 0.692210578918457
0 0.8755558967590332 0.5373741030693054 0.1572601318359375 0.7136282205581665
0 0.4605260372161865 0.5158639788627625 0.12370090484619141 0.713636040687561