1 0.2421875 0.61171875 0.1203125 0.23203125
1 0.13203125 0.6640625 0.10390625 0.26171875
1 0.49609375 0.55859375 0.128125 0.2375
1 0.96015625 0.61484375 0.0796875 0.2265625
1 0.62421875 0.61484375 0.12421875 0.24296875
1 0.846875 0.60390625 0.1296875 0.2
0 0.9571584701538086 0.7031533718109131 0.08520317077636719 0.5936932563781738
0 0.6249230384826661 0.692006254196167 0.15301017761230468 0.6138417243957519
0 0.8488986015319824 0.7008995532989502 0.15849266052246094 0.5982008934020996
0 0.037741976976394656 0.7147074222564698 0.07548395395278931 0.5693808555603027
0 0.49210119247436523 0.6753307461738587 0.14876155853271483 0.6453605413436889
0 0.24027106761932374 0.6911372661590576 0.1458737850189209 0.6177254676818847
0 0.3450829029083252 0.7021721839904785 0.1211160659790039 0.5693828582763671
0 0.7432163238525391 0.6883341789245605 0.11936798095703124 0.5715986251831054
0 0.3027493476867676 0.33928818702697755 0.11384038925170899 0.33610925674438474
0 0.12676069736480713 0.7091931819915771 0.1217904806137085 0.5816136360168457