1 0.29375 0.403125 0.06953125 0.20859375
1 0.21640625 0.46796875 0.1125 0.234375
1 0.71796875 0.42265625 0.1078125 0.20078125
1 0.6046875 0.50234375 0.096875 0.22890625
1 0.3734375 0.4390625 0.09921875 0.221875
1 0.49609375 0.43359375 0.103125 0.20625
1 0.1203125 0.4 0.10546875 0.22890625
1 0.83125 0.4546875 0.1390625 0.2296875
0 0.837369441986084 0.608713960647583 0.1961313247680664 0.7509228706359863
0 0.37929770946502683 0.546320104598999 0.13225607872009276 0.6456137657165527
0 0.21641206741333008 0.5558429837226868 0.1329347610473633 0.6634334325790405
0 0.11460058689117432 0.5355679988861084 0.1395426034927368 0.732262134552002
0 0.6123963356018066 0.5924932599067688 0.12849979400634765 0.6086786031723023
0 0.7234315395355224 0.5353571057319642 0.14916419982910156 0.6401986837387085
0 0.49779253005981444 0.5376362681388855 0.13187141418457032 0.6174164056777954