1 0.38125 0.91328125 0.15625 0.16875
1 0.83671875 0.91328125 0.125 0.16875
1 0.4078125 0.63515625 0.1421875 0.190625
1 0.26953125 0.640625 0.14453125 0.221875
1 0.834375 0.63046875 0.14921875 0.21484375
1 0.15234375 0.7875 0.2875 0.2875
1 0.9609375 0.7328125 0.078125 0.184375
0 0.9547395706176758 0.7299989223480224 0.08984375 0.5333775520324707
0 0.15013202428817748 0.7287021160125733 0.3000086069107056 0.5384861946105957
0 0.64666748046875 0.7190335750579834 0.2654090881347656 0.5586050987243653
0 0.4069924831390381 0.6589972496032714 0.14358034133911132 0.39441280364990233