1 0.42421875 0.50546875 0.04609375 0.134375
1 0.4875 0.4921875 0.053125 0.17734375
1 0.53203125 0.525 0.06171875 0.17734375
1 0.5984375 0.53046875 0.09609375 0.2609375
1 0.10390625 0.53828125 0.0640625 0.1328125
1 0.2328125 0.534375 0.06015625 0.140625
1 0.93203125 0.68984375 0.134375 0.6109375
0 0.10504467487335205 0.6158154487609864 0.08828597068786621 0.4277376174926758
0 0.926991081237793 0.5723376750946045 0.14508285522460937 0.8500927925109864
0 0.2309871256351471 0.5818331718444825 0.07826031446456909 0.36228046417236326
0 0.5954801082611084 0.6359634280204773 0.13738613128662108 0.7238399744033813
0 0.4226748585700989 0.5774664878845215 0.08214185237884522 0.3960244178771973