1 0.72265625 0.515625 0.13671875 0.209375
1 0.3453125 0.53359375 0.15625 0.21171875
1 0.5 0.5265625 0.15390625 0.26953125
1 0.1421875 0.54296875 0.16796875 0.26953125
1 0.86171875 0.48671875 0.13671875 0.1703125
0 0.34163608551025393 0.5765231132507325 0.16245651245117188 0.4560111999511719
0 0.7193976879119873 0.5472138404846192 0.13521986007690429 0.42958698272705076
0 0.497681999206543 0.5542686939239502 0.16900138854980468 0.5036635398864746
0 0.14849889278411865 0.5712325930595398 0.17760734558105468 0.4769691705703735
0 0.6102494239807129 0.5542121410369873 0.11134014129638672 0.4161858558654785
0 0.8505480051040649 0.5572631359100342 0.13884501457214354 0.473232364654541