1 0.4421875 0.440625 0.053125 0.0625
1 0.9171875 0.9421875 0.13203125 0.115625
1 0.58046875 0.5046875 0.09375 0.12734375
1 0.51796875 0.45390625 0.05546875 0.06953125
1 0.91484375 0.61171875 0.12265625 0.159375
0 0.7327810287475586 0.7492602348327637 0.33469600677490235 0.49806842803955076
0 0.5214126586914063 0.4710891842842102 0.056603622436523435 0.15001046657562256
0 0.44074573516845705 0.4546651363372803 0.04760932922363281 0.13461008071899414
0 0.9140939712524414 0.4486865520477295 0.04321231842041016 0.09490089416503907
0 0.40693596601486204 0.46428499221801756 0.035361504554748534 0.10558156967163086
0 0.9056406021118164 0.7122050285339355 0.13470706939697266 0.4898984909057617
0 0.7703484535217285 0.42967801094055175 0.04463977813720703 0.09992036819458008
0 0.5811271667480469 0.5370223522186279 0.08050422668457032 0.22484292984008789