1 0.575000 0.260937 0.040625 0.109375
1 0.970313 0.657031 0.056250 0.685937
1 0.086719 0.547656 0.170313 0.848437
0 0.49756293296813964 0.6166057109832763 0.24939441680908203 0.7654744148254394
0 0.923438549041748 0.32018721103668213 0.05856170654296875 0.2484302043914795
0 0.8342521667480469 0.31020891666412354 0.06449050903320312 0.24162840843200684
0 0.6343656539916992 0.30506138801574706 0.05323734283447266 0.2429636001586914
0 0.4498762130737305 0.27365527153015134 0.062186241149902344 0.19758148193359376
0 0.703341293334961 0.30456113815307617 0.04869508743286133 0.20901165008544922
0 0.5808780670166016 0.2924844682216644 0.055545616149902347 0.255386745929718
0 0.11158382892608643 0.5006255626678466 0.222114896774292 0.9987488746643066