1 0.6984375 0.96015625 0.1421875 0.0796875
1 0.4046875 0.31484375 0.06953125 0.08671875
1 0.0484375 0.43984375 0.09609375 0.20703125
1 0.19375 0.521875 0.165625 0.1390625
1 0.20078125 0.275 0.09375 0.11796875
1 0.3375 0.28828125 0.084375 0.125
1 0.696875 0.4546875 0.1828125 0.20703125
1 0.3765625 0.478125 0.1421875 0.134375
0 0.3404667615890503 0.3021035671234131 0.0872617244720459 0.2459848403930664
0 0.20464687347412108 0.29335989952087405 0.09445409774780274 0.23436431884765624
0 0.04918925762176514 0.40842989683151243 0.09837851524353028 0.26239187717437745
0 0.1886744737625122 0.5706787109375 0.1625542163848877 0.33417568206787107
0 0.40356035232543946 0.3197000026702881 0.08424148559570313 0.19725732803344725
0 0.7092482566833496 0.514600133895874 0.20078659057617188 0.4512935638427734
0 0.38980047702789306 0.44624651670455934 0.2140784740447998 0.1905529260635376