1 0.18671875 0.7625 0.0875 0.2140625
1 0.6921875 0.75390625 0.06015625 0.1546875
1 0.075 0.82734375 0.09140625 0.17578125
1 0.36015625 0.6703125 0.0890625 0.26640625
0 0.06775981187820435 0.8426626205444336 0.116638445854187 0.31368331909179686
0 0.8495090723037719 0.5080112934112548 0.13928523063659667 0.33040781021118165
0 0.19262163639068602 0.8146761894226074 0.11388640403747559 0.37061290740966796
0 0.6226680278778076 0.6998144149780273 0.10666065216064453 0.4457073211669922
0 0.35437569618225095 0.7270610332489014 0.11698942184448242 0.5458779335021973
0 0.5374843597412109 0.7334513187408447 0.07480068206787109 0.3685858726501465
0 0.48253207206726073 0.7303578376770019 0.065374755859375 0.34736480712890627