1 0.2640625 0.7609375 0.15234375 0.35859375
1 0.65859375 0.73125 0.1375 0.346875
1 0.4609375 0.615625 0.1421875 0.346875
1 0.8703125 0.59765625 0.13515625 0.3265625
1 0.11640625 0.6078125 0.15234375 0.3546875
1 0.559375 0.52578125 0.125 0.3
1 0.76015625 0.6265625 0.121875 0.309375
0 0.11812823116779328 0.6209425449371337 0.16852821707725524 0.7575224876403809
0 0.26933410167694094 0.6936813831329346 0.19474368095397948 0.6111355781555176
0 0.8552777290344238 0.6397729873657226 0.18021888732910157 0.7197401046752929
0 0.5559924125671387 0.5668387293815613 0.14423599243164062 0.7158453226089477