1 0.56484375 0.590625 0.08203125 0.14921875
1 0.228125 0.5796875 0.1203125 0.24375
1 0.49375 0.56171875 0.084375 0.13515625
1 0.78515625 0.67109375 0.2140625 0.29140625
1 0.11875 0.559375 0.146875 0.1640625
0 0.7929699897766114 0.7040738582611084 0.2186826705932617 0.590505313873291
0 0.1579261064529419 0.6978168845176697 0.20110774040222168 0.6043662309646607
0 0.49758567810058596 0.5999932289123535 0.08201885223388672 0.32866430282592773
0 0.6521141052246093 0.7028325080871582 0.1251974105834961 0.5943349838256836
0 0.2291976511478424 0.564272689819336 0.142329204082489 0.3238882064819336
0 0.5634422302246094 0.6292627811431885 0.08765640258789062 0.3703789710998535
0 0.9357814788818359 0.7376258850097657 0.12788810729980468 0.5205516815185547
0 0.4437169075012207 0.5858402252197266 0.05470085144042969 0.2628988265991211