1 0.49765625 0.6034722222222222 0.0375 0.11805555555555555
1 0.5296875 0.5895833333333333 0.0390625 0.10972222222222222
0 0.038585329055786134 0.7543471442328559 0.07717065811157227 0.4841357760959201
0 0.18147969245910645 0.5872873094346788 0.032876324653625486 0.1543824937608507
0 0.37722277641296387 0.6067756652832031 0.04017190933227539 0.22651757134331596
0 0.44159879684448244 0.6144446478949652 0.04093475341796875 0.22767859564887152
0 0.5106581687927246 0.6664842393663194 0.07562713623046875 0.358437262641059
0 0.9595157623291015 0.5839333428276909 0.03539543151855469 0.14686720106336806
0 0.3249819278717041 0.6138070848253038 0.03642139434814453 0.20870836046006944
0 0.2581204414367676 0.6068727281358507 0.0362757682800293 0.17578362358940972
