1 0.558984375 0.5090277777777777 0.04921875 0.1125
1 0.6140625 0.5256944444444445 0.04375 0.1125
0 0.7680920600891114 0.8738096449110243 0.08567371368408203 0.24664238823784723
0 0.49304513931274413 0.9046737670898437 0.1624317169189453 0.1906524658203125
0 0.41193017959594724 0.5433882819281683 0.058893013000488284 0.31741451687282984
0 0.3707911491394043 0.9094256930881076 0.10446529388427735 0.1801849365234375
0 0.6921857833862305 0.9385946485731337 0.07845077514648438 0.12281070285373263
0 0.6142696380615235 0.9184299045138888 0.09342937469482422 0.15879991319444445
0 0.5611591339111328 0.5600033654106988 0.06139516830444336 0.2911827087402344
0 0.7366597175598144 0.5696365780300564 0.05790033340454102 0.2881177266438802
0 0.7882452964782715 0.5833964029947917 0.05231342315673828 0.25210673014322915
