1 0.276953125 0.45694444444444443 0.14453125 0.35833333333333334
1 0.37890625 0.4888888888888889 0.0921875 0.275
1 0.4984375 0.4597222222222222 0.0578125 0.24722222222222223
1 0.609375 0.3486111111111111 0.16875 0.3333333333333333
1 0.775 0.3888888888888889 0.125 0.23333333333333334
0 0.2791282176971436 0.5585056728786892 0.1423189163208008 0.8650675455729167
0 0.6124556541442872 0.5078194512261285 0.21869125366210937 0.9655122545030382
0 0.769743824005127 0.5631721496582032 0.15421276092529296 0.8634882609049479
0 0.37726669311523436 0.6085543314615885 0.10600757598876953 0.7615590413411458
0 0.5024590492248535 0.5723587883843316 0.08243160247802735 0.7417917887369792
