1 0.114 0.8236245954692557 0.136 0.32038834951456313
1 0.184 0.6019417475728155 0.084 0.1553398058252427
1 0.265 0.7605177993527508 0.122 0.31715210355987056
1 0.288 0.5744336569579288 0.028 0.05501618122977346
1 0.918 0.6343042071197411 0.1 0.2459546925566343
1 0.838 0.63915857605178 0.056 0.18446601941747573
1 0.718 0.6521035598705501 0.076 0.1779935275080906
1 0.605 0.7378640776699029 0.142 0.34951456310679613
1 0.498 0.6359223300970874 0.044 0.11326860841423948
1 0.38 0.6521035598705501 0.048 0.15857605177993528
1 0.339 0.6343042071197411 0.05 0.1488673139158576
1 0.438 0.6974110032362459 0.124 0.23624595469255663
0 0.9164568176269531 0.708671866111385 0.13681146240234374 0.5727895100911459
0 0.5968565063476563 0.7114439288389336 0.1827239990234375 0.5620575938795762
0 0.42881513977050784 0.7507689392682418 0.14540377807617189 0.49389594118186186
0 0.7180256042480468 0.7170555583867441 0.07821697998046875 0.4602986554883445
0 0.2729056854248047 0.7465528716547204 0.12720852661132812 0.4947644576285649
0 0.8343578491210938 0.7025772884825673 0.05950732421875 0.4535595051293234
0 0.1173321361541748 0.7722979795585558 0.17347409439086914 0.44414947411003236
0 0.49980316162109373 0.657887603858528 0.03830126953125 0.20996454232718953
0 0.18628659057617186 0.6895519861511428 0.0884248046875 0.4319633804864482
0 0.3427012939453125 0.7540236784802286 0.0665347900390625 0.47177588206664645
