1 0.7464358452138493 0.83 0.29938900203665986 0.328
0 0.7091031977698177 0.7411708679199219 0.3792722433987557 0.5161227416992188
0 0.2783477767664643 0.8100737609863281 0.07833727119896416 0.2737913208007812
0 0.5848470404288919 0.7161654663085938 0.11246970617601197 0.2170816650390625
0 0.9488603393803303 0.7497049865722656 0.08369529708582613 0.29669732666015625
0 0.4131427461892184 0.7618525695800781 0.03485399545331594 0.10947076416015625
0 0.38437518956947714 0.763238525390625 0.033653336969752416 0.1198709716796875
0 0.8356682802654818 0.6594310913085938 0.07361318428987398 0.0886180419921875
0 0.1886032322030932 0.7589262390136718 0.045260054516452396 0.11446990966796874
0 0.32993426973610934 0.7605260925292969 0.04312929359327266 0.10791851806640625
