1 0.415625 0.5444444444444444 0.0546875 0.13333333333333333
1 0.497265625 0.5513888888888889 0.06015625 0.14166666666666666
0 0.4176899790763855 0.6176392449273004 0.08295176029205323 0.39812639024522567
0 0.6600401401519775 0.8921661800808377 0.06004152297973633 0.21566763983832465
0 0.5035924911499023 0.6151419745551215 0.09335823059082031 0.39444444444444443
0 0.62061767578125 0.6690196143256293 0.05785312652587891 0.34163470798068574
0 0.21665239334106445 0.7742212719387478 0.06482853889465331 0.38028093973795574
0 0.23610320091247558 0.5379002888997396 0.05520544052124023 0.23019917805989584
0 0.34825839996337893 0.5854478624131945 0.05819892883300781 0.21951056586371528
0 0.6665256500244141 0.6740492502848308 0.05764274597167969 0.2333118862575955
0 0.25144913196563723 0.7108054267035591 0.04565563201904297 0.24448666042751735
0 0.6766123294830322 0.53264405992296 0.05065641403198242 0.22251807318793404
0 0.31090545654296875 0.6000075022379557 0.029140758514404296 0.1952098422580295
