1 0.06913827655310621 0.3924581005586592 0.11823647294589178 0.276536312849162
1 0.37675350701402804 0.3770949720670391 0.11623246492985972 0.24581005586592178
1 0.5531062124248497 0.388268156424581 0.10020040080160321 0.2011173184357542
1 0.6533066132264529 0.38268156424581007 0.07615230460921844 0.22346368715083798
1 0.7324649298597194 0.4245810055865922 0.07014028056112225 0.19553072625698323
1 0.8076152304609219 0.4371508379888268 0.09619238476953908 0.19832402234636873
0 0.38529457596834293 0.47921213757392417 0.14001036741451653 0.5902193804692956
0 0.074804036555166 0.4850771547029804 0.13080504805387141 0.684408869823264
0 0.5510404506522811 0.477843780091355 0.11756028536565317 0.5553939009511937
0 0.8083802186893317 0.500336844161902 0.10247649840697019 0.4476856253000611
0 0.6757456869305016 0.4994156054278326 0.13466966892769916 0.5530288952022957
0 0.7291359146515688 0.4984046573745472 0.07686497262102329 0.48888851144460327
