1 0.764 0.48921832884097033 0.076 0.15363881401617252
0 0.7651691589355468 0.5758764878758844 0.11477923583984374 0.43454464812163074
0 0.3684739227294922 0.5614393496449103 0.07548263549804687 0.2571755380964665
0 0.44204913330078127 0.5623647890322292 0.0610841064453125 0.2441493854368472
0 0.9213448791503906 0.6331889931403724 0.09122357177734375 0.4351474319828167
0 0.5030415802001953 0.5894744338372325 0.08589938354492188 0.36313989027491156
0 0.08648381423950195 0.5570666166649996 0.06497740936279296 0.2272708615202788
0 0.6686157836914063 0.5637388923418811 0.0773511962890625 0.43900118105495073
0 0.27629345703125 0.5533284189887445 0.03718646240234375 0.23046936693217235
0 0.2263894805908203 0.5567077677847562 0.04582119750976563 0.23544833859343414
