1 0.3921875 0.7354166666666667 0.0453125 0.09027777777777778
0 0.7063011169433594 0.8375968085394965 0.22699375152587892 0.3128258599175347
0 0.1618003487586975 0.8415734185112848 0.15746743679046632 0.3167046440972222
0 0.43277778625488283 0.8061741934882269 0.1803670883178711 0.38679305182562934
0 0.33866426944732664 0.8303236219618055 0.09148383140563965 0.32966156005859376
0 0.4543151021003723 0.8814726087782118 0.12701623439788817 0.2370547824435764
0 0.05060468763113022 0.8248654683430989 0.08056438267230988 0.33271636962890627
0 0.12610168755054474 0.791788821750217 0.08952402472496032 0.3299411349826389
0 0.5815419673919677 0.8128206888834636 0.09297151565551758 0.3605684068467882
0 0.39460248947143556 0.6934739854600694 0.06229343414306641 0.16854197184244793
0 0.021937237679958345 0.7266996807522244 0.04378884136676788 0.15796368916829426
