1 0.26328125 0.7090277777777778 0.21875 0.5763888888888888
1 0.591015625 0.7680555555555556 0.20703125 0.4583333333333333
0 0.5721752166748046 0.6540667215983073 0.33239307403564455 0.6774207221137153
0 0.25429001450538635 0.5649265713161893 0.2966418147087097 0.8546861436631944
0 0.8614040374755859 0.6077101813422309 0.05965118408203125 0.28287675645616317
0 0.7831899642944335 0.615848626030816 0.053808975219726565 0.25236036512586807
0 0.045296990871429445 0.5462740580240886 0.02596125602722168 0.12166222466362847
0 0.4157339930534363 0.5865549723307292 0.042922806739807126 0.20150705973307292
0 0.7302052497863769 0.5886502583821615 0.03940277099609375 0.22699618869357638
0 0.9167457580566406 0.6240136040581598 0.04034557342529297 0.30355614556206595
0 0.47609691619873046 0.554380840725369 0.053209877014160155 0.15834698147243922
0 0.01752648316323757 0.5376721700032552 0.02301102951169014 0.1258119371202257
