1 0.0328125 0.6854166666666667 0.0640625 0.6208333333333333
1 0.9125 0.5368055555555555 0.171875 0.8680555555555556
0 0.5037454724311828 0.6075942993164063 0.24471871852874755 0.7674813164605034
0 0.8949231147766114 0.4960860358344184 0.2089925765991211 0.9867589314778645
0 0.1604989767074585 0.3066662258572049 0.049808692932128903 0.24580595228407118
0 0.029368430376052856 0.5083155314127604 0.05868717432022095 0.9324508666992187
0 0.5520677089691162 0.27447935740152996 0.058400726318359374 0.22083812289767796
0 0.3639702796936035 0.30213597615559895 0.04403829574584961 0.24433203803168402
0 0.0783308744430542 0.3049368964301215 0.05649487972259522 0.2811983744303385
0 0.2588631629943848 0.244966189066569 0.029415321350097657 0.1506490495469835
