1 0.41796875 0.5680555555555555 0.0734375 0.19166666666666668
1 0.54453125 0.53125 0.075 0.20694444444444443
0 0.5439814567565918 0.6589242723253038 0.12712059020996094 0.6648501925998264
0 0.41623516082763673 0.6850806342230903 0.10171194076538086 0.5888817681206597
0 0.3169415950775146 0.6779552035861545 0.04737663269042969 0.24798702663845487
0 0.9146520614624023 0.6962771733601888 0.09583091735839844 0.3192437489827474
0 0.2518756628036499 0.6848658031887478 0.04802966117858887 0.22433509826660156
0 0.046332305669784545 0.6709537506103516 0.018598651885986327 0.08032031589084201
0 0.1072300910949707 0.6820828755696614 0.016226911544799806 0.06101362440321181
0 0.8199715614318848 0.7261964586046007 0.018916893005371093 0.059649658203125
0 0.292939567565918 0.6901479932996962 0.028237056732177735 0.21374749077690972
0 0.6701636791229248 0.7161576165093316 0.014659690856933593 0.06121487087673611
