1 0.188 0.6621621621621622 0.188 0.3993993993993994
1 0.325 0.6456456456456456 0.114 0.2882882882882883
1 0.474 0.6861861861861862 0.152 0.42342342342342343
1 0.585 0.6291291291291291 0.082 0.33933933933933935
1 0.732 0.8018018018018018 0.184 0.39039039039039036
1 0.834 0.5465465465465466 0.04 0.12612612612612611
1 0.911 0.5480480480480481 0.086 0.15315315315315314
0 0.16565669250488282 0.6490807060722832 0.2506013488769531 0.6796173920502534
0 0.4594634246826172 0.6556905110677084 0.19136807250976562 0.6653336075333146
0 0.32629075622558595 0.6909884661883563 0.11625881958007812 0.5989298777537303
0 0.5732468872070312 0.6651829785412854 0.132278076171875 0.6522379236536341
0 0.7688286437988281 0.6614625031525666 0.3644650268554688 0.6544881368184591
0 0.9152290344238281 0.6143089042411553 0.09533843994140626 0.4414019427141986
