1 0.28359375 0.4527777777777778 0.1421875 0.3472222222222222
1 0.61171875 0.45069444444444445 0.15 0.3541666666666667
0 0.6065360069274902 0.5533573998345269 0.20499820709228517 0.8640564812554253
0 0.2861798286437988 0.551938968234592 0.1764061450958252 0.8785198635525173
0 0.0978422999382019 0.5788200378417969 0.19321081638336182 0.8226306491427952
0 0.8047332763671875 0.2796143001980252 0.064453125 0.2695031907823351
0 0.9456562995910645 0.2843407948811849 0.044122314453125 0.24781663682725694
0 0.9812402725219727 0.26885037422180175 0.03707199096679688 0.2653472794426812
0 0.42788381576538087 0.23168932596842448 0.04111328125 0.28951297336154513
0 0.1882498025894165 0.5243923505147298 0.08490204811096191 0.5686425315009223
0 0.5689628601074219 0.22503297593858507 0.03782463073730469 0.13033582899305557
0 0.18031893968582152 0.17627339363098143 0.05061094760894776 0.17905814912584092
