1 0.169140625 0.5868055555555556 0.20859375 0.7208333333333333
1 0.918359375 0.6770833333333334 0.15703125 0.6125
0 0.19165005683898925 0.4976930406358507 0.25705676078796386 0.9815182156032987
0 0.34833223819732667 0.6637027740478516 0.16027674674987794 0.6616847568088108
0 0.9071063995361328 0.5529632144504123 0.18452835083007812 0.859250979953342
0 0.6652746677398682 0.4541875203450521 0.06464633941650391 0.28400387234157987
0 0.7361728191375733 0.4485994127061632 0.061398887634277345 0.27831734551323783
0 0.4671464920043945 0.4426725599500868 0.04307689666748047 0.21342027452256945
0 0.5036197662353515 0.4436063978407118 0.03056049346923828 0.19610621134440104
0 0.5283362388610839 0.4124189164903429 0.034307098388671874 0.16510713365342883
0 0.4257543087005615 0.42419297960069446 0.037076568603515624 0.21042404174804688
0 0.6287477493286133 0.3994564480251736 0.022921943664550783 0.11137339274088541
0 0.28893632888793946 0.40220349629720054 0.02164621353149414 0.10736270480685764
