1 0.408984375 0.5902777777777778 0.03515625 0.09722222222222222
1 0.47578125 0.5875 0.0390625 0.1
0 0.3097679138183594 0.7239002015855577 0.08808116912841797 0.3123087141248915
0 0.4100203514099121 0.6374627855088976 0.05969457626342774 0.2902894761827257
0 0.96373291015625 0.7497886021931967 0.07211627960205078 0.49240040249294703
0 0.8425901412963868 0.5969824896918403 0.04723567962646484 0.1761662801106771
0 0.866672134399414 0.7873183356391059 0.11653938293457031 0.3591700236002604
0 0.4741686820983887 0.6348847283257378 0.05441608428955078 0.2785247802734375
0 0.24282941818237305 0.7084918551974826 0.0789006233215332 0.32248501247829864
0 0.984193229675293 0.7450937906901042 0.031126022338867188 0.5008066813151042
