1 0.397265625 0.4986111111111111 0.05546875 0.15
1 0.46640625 0.5048611111111111 0.0625 0.15694444444444444
0 0.20766043663024902 0.41016807556152346 0.0755774974822998 0.368707529703776
0 0.5855985164642334 0.5881232367621527 0.06193113327026367 0.30955081515842015
0 0.5284916877746582 0.9403560638427735 0.08181095123291016 0.11928787231445312
0 0.3926739454269409 0.5747239006890191 0.0721651554107666 0.4199559529622396
0 0.16434541940689087 0.9300640530056423 0.08675062656402588 0.13987189398871527
0 0.22506270408630372 0.9054873996310764 0.08318290710449219 0.18899976942274305
0 0.4675384521484375 0.5738631354437934 0.06902151107788086 0.4090593126085069
0 0.7151146411895752 0.9108810424804688 0.08155527114868164 0.1782379150390625
0 0.2846680164337158 0.47673683166503905 0.05612764358520508 0.22359254625108507
0 0.5428824424743652 0.4078424983554416 0.06444854736328125 0.34110787709554036
0 0.1618274211883545 0.4222078217400445 0.06316704750061035 0.3503195656670464
