1 0.506640625 0.4152777777777778 0.07421875 0.20555555555555555
1 0.677734375 0.4305555555555556 0.10390625 0.2222222222222222
0 0.9229095458984375 0.620882076687283 0.15210800170898436 0.7488879733615451
0 0.8329910516738892 0.612853029039171 0.1044532299041748 0.6541899787055121
0 0.673634147644043 0.5502209133572049 0.10252113342285156 0.6488750881618923
0 0.3306880950927734 0.5169696807861328 0.0963813304901123 0.47566757202148435
0 0.5176427841186524 0.5450689527723525 0.10990095138549805 0.645918443467882
0 0.15172061920166016 0.5300992753770616 0.07175235748291016 0.4134690178765191
0 0.40506834983825685 0.49974933200412325 0.07815427780151367 0.42701602511935766
0 0.2181185245513916 0.666123538547092 0.1128267765045166 0.6481723361545139
0 0.5956913471221924 0.4363518185085721 0.05664529800415039 0.3225837707519531
0 0.7568072319030762 0.5270443810356988 0.08861675262451171 0.4741837395562066
0 0.07962424755096435 0.5689517656962076 0.09321007728576661 0.5712007098727756
0 0.028865230083465577 0.5698253949483235 0.057730460166931154 0.6060906516181098
0 0.8211230278015137 0.3235007815890842 0.0558074951171875 0.17420340643988716
0 0.4539027214050293 0.46030696233113605 0.04527883529663086 0.3283689922756619
0 0.5531213760375977 0.4278024037679036 0.045558929443359375 0.3212864345974392
