1 0.693 0.36133333333333334 0.094 0.2
1 0.349 0.37733333333333335 0.074 0.104
1 0.275 0.43333333333333335 0.106 0.184
1 0.953 0.6573333333333333 0.09 0.22666666666666666
1 0.873 0.6613333333333333 0.114 0.272
1 0.761 0.6093333333333333 0.126 0.22666666666666666
1 0.663 0.6173333333333333 0.11 0.232
1 0.459 0.3973333333333333 0.058 0.10666666666666667
1 0.56 0.372 0.1 0.152
1 0.431 0.4613333333333333 0.058 0.10133333333333333
1 0.503 0.548 0.126 0.248
1 0.38 0.6 0.12 0.24533333333333332
1 0.316 0.6306666666666667 0.036 0.216
1 0.251 0.5786666666666667 0.118 0.22933333333333333
1 0.153 0.588 0.134 0.21066666666666667
1 0.043 0.6013333333333334 0.086 0.23733333333333334
1 0.624 0.46 0.088 0.184
0 0.14859722137451173 0.69881884765625 0.16647633361816405 0.6023623046875
0 0.041442092895507814 0.7013009033203125 0.08288418579101563 0.595576904296875
0 0.3791485290527344 0.6892474568684895 0.14855194091796875 0.6215050862630208
0 0.7617523498535156 0.6938646443684896 0.14242169189453124 0.6122707112630208
0 0.5050905303955078 0.6720609741210938 0.13911886596679687 0.6545302327473959
0 0.2560554885864258 0.6798240763346354 0.1165743865966797 0.5836524658203125
0 0.8717876586914063 0.7089000040690104 0.108450927734375 0.5821999918619791
0 0.6584409790039063 0.7020211588541667 0.1205234375 0.57704150390625
0 0.7008963012695313 0.3369262288411458 0.112062255859375 0.3393746744791667
0 0.9587247924804687 0.712655985514323 0.0820625 0.5720924886067709
0 0.927415283203125 0.7137480061848959 0.143588623046875 0.5712681477864583
0 0.5504815216064454 0.3297313842773438 0.10006808471679687 0.2607452392578125
