1 0.10564516129032259 0.3416666666666667 0.13709677419354838 0.33
1 0.2709677419354839 0.4066666666666667 0.14516129032258066 0.44
1 0.40241935483870966 0.38333333333333336 0.1338709677419355 0.32
1 0.5951612903225807 0.37 0.12258064516129032 0.34
1 0.7629032258064516 0.4083333333333333 0.12580645161290321 0.33666666666666667
1 0.9443548387096774 0.4166666666666667 0.10806451612903226 0.36666666666666664
0 0.9387876941311744 0.5038964207967123 0.12111550607988911 0.7978525034586589
0 0.11591595834301364 0.47915181318918865 0.1663848969244188 0.8926983674367269
0 0.4043746332968435 0.5196277840932211 0.13455694875409527 0.8323738670349121
0 0.27475128173828123 0.5030714702606202 0.14728851318359376 0.8353473345438639
0 0.5990995099467616 0.527289244333903 0.1346257855815272 0.8938602320353191
0 0.7631036081621724 0.519126672744751 0.1308868408203125 0.8441040356953938
