1 0.503125 0.5402777777777777 0.1140625 0.37777777777777777
1 0.804296875 0.4076388888888889 0.05859375 0.1597222222222222
0 0.9062654495239257 0.6551952891879611 0.18699989318847657 0.6782721413506402
0 0.6904618263244628 0.6455614831712511 0.2724149703979492 0.6906646516587999
0 0.10512435734272003 0.6230404324001736 0.19042333960533142 0.7346182929144965
0 0.40406103134155275 0.5992975870768229 0.16384639739990234 0.7861924913194445
0 0.5067803859710693 0.5935935550265842 0.15120162963867187 0.7962120056152344
0 0.761496639251709 0.5697534455193414 0.14392318725585937 0.7026945114135742
0 0.7590373039245606 0.465886476304796 0.1396879196166992 0.487636227077908
0 0.9589611053466797 0.4037384033203125 0.08157405853271485 0.2845216539171007
