1 0.3640625 0.47638888888888886 0.0859375 0.21666666666666667
1 0.5453125 0.40625 0.0265625 0.059722222222222225
0 0.36061925888061525 0.6129886627197265 0.1157297134399414 0.704791514078776
0 0.6257869720458984 0.652486589219835 0.1409585952758789 0.6873423258463541
0 0.5043163299560547 0.6369455125596788 0.12862377166748046 0.7197643703884549
0 0.1536045104265213 0.6506722768147787 0.13151878714561463 0.6846412658691406
0 0.7086181163787841 0.46309038798014324 0.04991722106933594 0.31560482449001737
0 0.2108262300491333 0.4990586174858941 0.04869513511657715 0.32296634250217016
0 0.26058039665222166 0.35294182035658095 0.0340240478515625 0.16124333275689018
0 0.9886625289916993 0.4200185139973958 0.021949386596679686 0.18277197943793402
