1 0.508203125 0.7208333333333333 0.03515625 0.13333333333333333
0 0.9222969055175781 0.8180162217881944 0.15390396118164062 0.35371856689453124
0 0.0761152446269989 0.8393926832411024 0.15059877634048463 0.3212146335177951
0 0.6681766033172607 0.8696780734592013 0.15119733810424804 0.2598175048828125
0 0.237998104095459 0.8233293957180448 0.17052040100097657 0.3533412085639106
0 0.5449241638183594 0.7959304809570312 0.1554941177368164 0.40626271565755206
0 0.4039444446563721 0.8098334630330404 0.13083791732788086 0.3705915239122179
0 0.02654057741165161 0.6940775553385417 0.05282182693481445 0.15326470269097223
0 0.4717656135559082 0.7942618687947591 0.0916961669921875 0.3991915808783637
0 0.3313143730163574 0.7954920450846354 0.05661487579345703 0.39841834174262153
