1 0.409765625 0.6277777777777778 0.05390625 0.11666666666666667
1 0.47578125 0.6368055555555555 0.05625 0.12083333333333333
0 0.516563606262207 0.8699606153700087 0.10218753814697265 0.25506337483723956
0 0.4718839168548584 0.6845163769192166 0.06525163650512696 0.29338552686903213
0 0.4092243671417236 0.6944451014200846 0.060627079010009764 0.3372362348768446
0 0.19993438720703124 0.8522884792751736 0.08611159324645996 0.2856847127278646
0 0.21463825702667236 0.43101264105902776 0.05396800041198731 0.23892635769314235
0 0.4906426429748535 0.3535230000813802 0.039870262145996094 0.1966739230685764
0 0.45092973709106443 0.48085051642523874 0.045705318450927734 0.21795874701605902
0 0.40377092361450195 0.42657720777723523 0.048027420043945314 0.22317064073350695
0 0.27109713554382325 0.3656699710422092 0.03260931968688965 0.17882419162326388
0 0.7085038185119629 0.8502213372124566 0.057345008850097655 0.17909020317925348
0 0.3018604516983032 0.37542986339992945 0.0353245735168457 0.1580041037665473
0 0.5227075099945069 0.38356636895073787 0.0326786994934082 0.12842466566297744
