1 0.461328125 0.45555555555555555 0.06484375 0.16111111111111112
1 0.3578125 0.45694444444444443 0.0625 0.16944444444444445
0 0.8309907913208008 0.5961909400092231 0.14731597900390625 0.6633354187011719
0 0.3617234706878662 0.5288845486111111 0.08744649887084961 0.45246310763888886
0 0.4673914909362793 0.5311453077528212 0.09665155410766602 0.43732147216796874
0 0.9267389297485351 0.7350863986545139 0.08805179595947266 0.44017622205946183
0 0.7306007862091064 0.6004008399115668 0.09420795440673828 0.5841061909993489
0 0.7035414695739746 0.726140022277832 0.08107757568359375 0.36234601338704425
0 0.5519672393798828 0.30762833489312064 0.02668600082397461 0.16309195624457465
0 0.42068090438842776 0.5375586191813151 0.038498210906982425 0.3897743225097656
