1 0.316796875 0.4875 0.06640625 0.16666666666666666
1 0.391015625 0.49236111111111114 0.06640625 0.1625
0 0.3930006980895996 0.578028318617079 0.0829350471496582 0.47002639770507815
0 0.23427881598472594 0.6862623638576931 0.15649062395095825 0.6128736284044054
0 0.3146542549133301 0.5640318976508246 0.07878713607788086 0.4508544921875
0 0.9444842338562012 0.633284674750434 0.08385848999023438 0.5031460232204861
0 0.06267017126083374 0.49419216579861114 0.12508156299591064 0.9869052463107639
0 0.8838214874267578 0.5746838463677301 0.09341354370117187 0.34128460354275175
0 0.7692093849182129 0.4641403622097439 0.039814186096191403 0.2527236090766059
0 0.8135029792785644 0.5595948113335504 0.08053150177001953 0.3756895277235243
0 0.4412060737609863 0.4027645534939236 0.03298759460449219 0.1917928907606337
0 0.7069502830505371 0.4448873307969835 0.039478492736816403 0.16066216362847222
