1 0.353 0.5460750853242321 0.182 0.3412969283276451
1 0.054 0.5665529010238908 0.072 0.11604095563139932
1 0.006 0.5699658703071673 0.012 0.13651877133105803
1 0.552 0.568259385665529 0.064 0.18088737201365188
1 0.667 0.48976109215017066 0.118 0.22866894197952217
1 0.795 0.5034129692832765 0.078 0.2150170648464164
0 0.3511528091430664 0.6030197794526917 0.1995861053466797 0.7807751808557087
0 0.6792528381347657 0.6401248710554207 0.14983966064453125 0.7076861280630066
0 0.7951289367675781 0.6435811950891905 0.10063287353515625 0.6803787804300875
0 0.050504627227783205 0.6324592564293142 0.07234784698486328 0.3439239397797568
0 0.55288720703125 0.604922180696559 0.066856689453125 0.3465266048704805
