1 0.786328125 0.43194444444444446 0.14609375 0.31666666666666665
1 0.955078125 0.4284722222222222 0.08359375 0.29305555555555557
0 0.943994140625 0.5367700364854601 0.11145362854003907 0.7732864379882812
0 0.753579044342041 0.5317938062879775 0.21126384735107423 0.7656126234266493
0 0.48043117523193357 0.420760006374783 0.041391944885253905 0.21782786051432293
0 0.5873917579650879 0.5901541815863716 0.13370323181152344 0.17031724717881944
0 0.3769997119903564 0.8271129184299045 0.4879911422729492 0.23910352918836805
0 0.6947116851806641 0.3164806789822049 0.024975013732910157 0.09511693318684895
0 0.6538548469543457 0.7069228914048936 0.09581995010375977 0.23332320319281685
0 0.36814448833465574 0.692132208082411 0.07642045021057128 0.2620924631754557
