1 0.256640625 0.5222222222222223 0.04765625 0.2111111111111111
1 0.31953125 0.5194444444444445 0.0609375 0.19722222222222222
0 0.8221080780029297 0.6721709357367621 0.15746402740478516 0.6519243028428819
0 0.34890749454498293 0.6644817352294922 0.1678025722503662 0.6645830790201823
0 0.5552999019622803 0.7519699308607314 0.07629880905151368 0.31552018059624565
0 0.2626699447631836 0.4801368713378906 0.058187007904052734 0.29205898708767364
0 0.7333974838256836 0.7224914338853624 0.09819087982177735 0.36268687778049047
0 0.15233845710754396 0.5310011121961805 0.05433244705200195 0.2085634019639757
0 0.9412857055664062 0.5797163221571181 0.07841606140136718 0.24004703097873265
0 0.20760729312896728 0.5767838372124566 0.08850407600402832 0.4008058336046007
0 0.6400010108947753 0.5079061720106337 0.02812957763671875 0.08448113335503472
