1 0.591015625 0.4388888888888889 0.03828125 0.1
1 0.649609375 0.44513888888888886 0.04609375 0.09305555555555556
0 0.6528590679168701 0.5008937411838108 0.05114049911499023 0.2757719251844618
0 0.5927193641662598 0.49366399976942277 0.05130777359008789 0.288254886203342
0 0.23964965343475342 0.807092793782552 0.05467681884765625 0.3209482828776042
0 0.45354762077331545 0.4514868842230903 0.046928691864013675 0.30210435655381945
0 0.5606344699859619 0.35338828828599717 0.04507894515991211 0.2111235088772244
0 0.5129878044128418 0.47495706346299915 0.04417104721069336 0.25076811048719616
0 0.5021590709686279 0.3441406144036187 0.03609523773193359 0.1468378914727105
0 0.29531159400939944 0.6754552205403646 0.04389324188232422 0.27476382785373266
